event_id,start_time,asset_name,manual_event_type,timestamps (in ms),Vab,Vbc,Vca,Ia,Ib,Ic
event_020,2022-06-22,test_020,placeholder,0.0,0.0106693382406663,0.0010576900309669,-0.0026690826362868,0.0045678519707324,-0.0044860238432085,-0.0007240711111366
,,,,0.0108506944444444,0.0306371931535601,0.0228813868639089,0.0179382803107075,0.0238709979483183,0.0201953417895651,0.0367998719698939
,,,,0.0217013888888888,0.0451574979980948,0.0469794046968478,0.0508505978143728,0.048393937743605,0.0553709428707953,0.0447295163949738
,,,,0.0325520833333333,0.0750504749992067,0.0755803488659392,0.0730171810982437,0.0789419452278226,0.0764847267429873,0.0732018375472001
,,,,0.0434027777777777,0.0984454729476818,0.0923323900229852,0.0973752078238747,0.0983246034715126,0.0995193424438337,0.1014049641849597
,,,,0.0542534722222222,0.1189617530075487,0.1258445280367006,0.1209448484467085,0.1279072397001079,0.1219718660827264,0.1148575750134532
,,,,0.0651041666666666,0.1471407361078864,0.1404186651623448,0.1445970985758348,0.1431730011706799,0.1481542453395487,0.1432908829107023
,,,,0.0759548611111111,0.1767507982562125,0.1756435720631274,0.1756676428957456,0.175820972601736,0.1751389878394118,0.1706768121051126
,,,,0.0868055555555555,0.1901657540922524,0.1822457919947644,0.1997956993168211,0.1978335659188463,0.1836802130364475,0.1898420309258094
,,,,0.09765625,0.2184620891496856,0.211757784008478,0.221956252452904,0.2226996900979063,0.2283667593120633,0.2213739343260206
,,,,0.1085069444444444,0.2371369969558675,0.2432754438654902,0.2452370504733592,0.245647289130414,0.2425759530926849,0.2419249500995899
,,,,0.1193576388888888,0.2627423623364592,0.2653300670072241,0.2675043951517013,0.2641765673277352,0.2761136395845788,0.265367573012762
,,,,0.1302083333333333,0.2935843825109729,0.2907635434305416,0.2936692306250708,0.2911956020363413,0.2885241055982369,0.2959516474627043
,,,,0.1410590277777777,0.3149497427991695,0.3085421676551592,0.3141832257979021,0.3129191748520302,0.3106133475804489,0.3125758318890681
,,,,0.1519097222222222,0.3328814022883121,0.3344233642256936,0.3305641621839021,0.335089846190557,0.3344396125958379,0.3347773661876144
,,,,0.1627604166666666,0.3599098870484397,0.3638755855921123,0.3672711841423548,0.3483888601907297,0.3618176315208739,0.3603049767395878
,,,,0.1736111111111111,0.3789317400992587,0.3752941496700512,0.3940973927388785,0.390098775515263,0.3737909426618933,0.382682558816146
,,,,0.1844618055555555,0.4118731075243634,0.4023066136811555,0.4007541261008241,0.4061345169124545,0.4044863229765748,0.4013999892362714
,,,,0.1953125,0.4263154500054566,0.436393852613401,0.4295719082842796,0.4391561495109948,0.426974543111021,0.4316420973838718
,,,,0.2061631944444444,0.4399471295304064,0.4486319171802481,0.4463800489522742,0.4520996854581028,0.4461975586275394,0.4529826986162699
,,,,0.2170138888888889,0.468968565545703,0.4787872627478276,0.4702388523953549,0.4775510530611708,0.4641362567104045,0.4782655623607522
,,,,0.2278645833333333,0.4936439232865077,0.4903677468900249,0.485209454135711,0.4855607491205128,0.4974594363765816,0.4937252529144002
,,,,0.2387152777777777,0.5115598377449591,0.519140008214842,0.5120527853042859,0.5163503940844976,0.5130232622452268,0.5132358141466365
,,,,0.2495659722222222,0.5371043563319803,0.5409109224419658,0.5358824083108686,0.539694326110492,0.5385348430294182,0.5368510152307899
,,,,0.2604166666666666,0.5557831599466873,0.5573258144742093,0.5626343653975064,0.5521414893274952,0.5580280041547009,0.5672443512941624
,,,,0.2712673611111111,0.5686243491647331,0.5705194139526097,0.5814010657611088,0.5783035017325673,0.5851181873630312,0.576057118836459
,,,,0.2821180555555555,0.5954383141800482,0.5995075171619907,0.6003744584822569,0.5998910680683823,0.5871950615106515,0.5935470214559668
,,,,0.29296875,0.610011970474967,0.618785741945629,0.6143454363038232,0.6138652763688447,0.6198727717205998,0.6052435934675445
,,,,0.3038194444444444,0.6296538538989621,0.630613562279659,0.6265869041397383,0.6194952131352596,0.6381021906060076,0.6341197469244698
,,,,0.3146701388888889,0.658493004832701,0.6461706614202386,0.6570677357246032,0.6577940655378807,0.6517107049709611,0.6551694738151108
,,,,0.3255208333333333,0.6747333853090869,0.6733071925727595,0.6679103200418105,0.6663514461562892,0.6732860779989843,0.6725333286265676
,,,,0.3363715277777778,0.6952468782500353,0.6840812659372892,0.6931164228787928,0.6789370982042652,0.6799359465598361,0.6845250268216436
,,,,0.3472222222222222,0.7097610261482734,0.7079650701835414,0.7025107918164629,0.7042270611785503,0.7008923949516459,0.709909110577304
,,,,0.3580729166666666,0.7227050870988079,0.7197104537359051,0.7258558794802393,0.7264372115701668,0.7240731824435492,0.7137953420113998
,,,,0.3689236111111111,0.7417295037836921,0.7386892093779517,0.7383446962300416,0.7448656929304209,0.7427838933974709,0.7346436052348413
,,,,0.3797743055555555,0.760297870283255,0.750867425300103,0.7620339007297211,0.7536674003444878,0.7580472608443426,0.7646555599238256
,,,,0.390625,0.774596891108951,0.7731539367240182,0.7780575365021729,0.7704920657289799,0.7700743303038438,0.7762293709728461
,,,,0.4014756944444444,0.7911862125540099,0.7864786461312373,0.7789198882410839,0.792359884991326,0.7933421181628165,0.7936379925513845
,,,,0.4123263888888889,0.7984702041399467,0.7984396611127094,0.7986583914221779,0.802770411935217,0.8087953554784781,0.8008799298585414
,,,,0.4231770833333333,0.8188506949497508,0.8222918054034842,0.8210428930527954,0.8218286681245031,0.81743517508237,0.8153684132855663
,,,,0.4340277777777778,0.8315070001418943,0.8313573321189792,0.8326368615105242,0.8373807776655314,0.8274269537821431,0.8331679962835356
,,,,0.4448784722222222,0.8440608244887107,0.8461807038862975,0.8436126906394757,0.8460761387373726,0.8482889052458815,0.8375951075486279
,,,,0.4557291666666666,0.8585936424328455,0.8584286399425126,0.857532523954221,0.8534401066897256,0.8627857181221912,0.856194155455693
,,,,0.4665798611111111,0.8652238597948944,0.858444088086272,0.8697265525499214,0.8696844880210995,0.8695776244807051,0.8628765279069254
,,,,0.4774305555555555,0.8795544794291678,0.8841297661921447,0.8907543291297642,0.8779579683946224,0.8812465714668369,0.8828310222890196
,,,,0.48828125,0.8936181188698706,0.8987084701379277,0.8959490876306617,0.901875823672152,0.8955224247664946,0.8938589981697683
,,,,0.4991319444444444,0.9116813345543376,0.9013632271989866,0.9014135794669922,0.9067850381860748,0.906378640953358,0.9064020081221216
,,,,0.5099826388888888,0.9099479472056844,0.0,0.9166161733351728,0.9128013737954652,0.9143011291803194,0.9073089754823758
,,,,0.5208333333333333,0.9260650079541384,0.0,0.921133095314166,0.9275176860297278,0.919835678491849,0.9310408033693448
,,,,0.5316840277777778,0.9287998163886216,0.0,0.9261426461485356,0.9374989776478052,0.9354159073780776,0.9343903982211356
,,,,0.5425347222222222,0.9325231562336328,0.0,0.9506520298122496,0.9537163457043164,0.9383631054444757,0.9448207706207054
,,,,0.5533854166666666,0.9483822695282422,0.0,0.941892275560176,0.950431076110294,0.9579308940479416,0.950821749815178
,,,,0.564236111111111,0.9537689098228508,0.0,0.959105312025877,0.9594540334607992,0.9569693040053152,0.95727452107218
,,,,0.5750868055555556,0.9533717314444776,0.0,0.9628431373688344,0.970796983990149,0.9695917412857455,0.9642407990552077
,,,,0.5859375,0.9793482347518684,0.0,0.9644174349547902,0.970177672321397,0.9641328130045836,0.9720872385917037
,,,,0.5967881944444444,0.9719814054940796,0.0,0.9748548094518588,0.972282028263362,0.9739636812105046,0.9757426029498768
,,,,0.6076388888888888,0.981726349953844,0.0,0.9847904473323452,0.9745483207681443,0.9751647285389696,0.978447213477606
,,,,0.6184895833333333,0.977789158497228,0.0,0.986079100820792,0.9914895768261728,0.9871558878152796,0.9910819594552704
,,,,0.6293402777777778,0.9902389310355932,0.0,0.9916429890398722,0.9883492722442851,0.9959052184250042,0.9954336821962054
,,,,0.6401909722222222,0.9949383461596776,0.0,1.001801593186004,0.9772252623202118,0.9940235080663874,0.9947902645104252
,,,,0.6510416666666666,0.9942441263008552,0.0,1.00660855197978,0.9956232686682304,0.998292240579294,1.0031034794217253
,,,,0.661892361111111,0.9916200284768638,0.0,0.9942557012744774,0.9998031559286324,1.0011309238715074,1.0023335817381156
,,,,0.6727430555555556,0.9996428392034123,0.0,0.997234229484286,0.991938774219843,0.9980693864425422,0.9972749079778174
,,,,0.68359375,1.001737668271862,0.0,0.9977967051015264,1.0022191697847929,1.0046299934503693,1.00994168879646
,,,,0.6944444444444444,1.0018619238720723,0.0,0.9979052437305912,1.0034734844817512,1.0055457104052068,1.0087786771218328
,,,,0.7052951388888888,1.0076840002243432,0.0,0.998953039693818,0.9949099893291148,0.997947713532143,1.0016901057084462
,,,,0.7161458333333333,0.9946886695272362,0.0,1.0040726966538287,1.0011352991816542,1.0030102046270717,1.001057681296276
,,,,0.7269965277777778,1.0036714723952138,0.0,0.9956827071930824,1.0018368120022314,0.9902952437480144,0.9933704558187124
,,,,0.7378472222222222,0.996546446561666,0.0,0.9996469377213784,0.987911339769732,0.9928135213181956,0.9898620476978568
,,,,0.7486979166666666,0.9911023723856832,0.0,0.9981329564082146,0.9938296634560536,0.984880001525661,0.9931794082588246
,,,,0.759548611111111,0.9909930766899736,0.0,0.9767367734755296,0.9966505681672044,0.985804545526295,0.9857494186503168
,,,,0.7703993055555556,0.9853680724570184,0.0,0.9924165688887998,0.98623554930611,0.9791841248427312,0.9905434517209912
,,,,0.78125,0.9821868558995678,0.0,0.9832687820313676,0.9845507333385276,0.9843394497702558,0.9862475430309048
,,,,0.7921006944444444,0.9805555213856508,0.0,0.975840553463158,0.981889980857371,0.9710378615847431,0.9781187894585412
,,,,0.8029513888888888,0.9628289329662182,0.0,0.9692300946282576,0.9713991942790368,0.9756147349628376,0.9778507061362772
,,,,0.8138020833333333,0.972904753130224,0.0,0.9754273961805576,0.9654246420631,0.9613247842326056,0.9730000178385934
,,,,0.8246527777777778,0.9593414337617274,0.0,0.949920444759496,0.963410738893704,0.960282391563756,0.9532451951576216
,,,,0.8355034722222222,0.943842798599007,0.0,0.9437980966984196,0.9476560207066838,0.9505187024491132,0.9502618856239788
,,,,0.8463541666666666,0.9336824178742822,0.0,0.9472331119470472,0.9436969212744332,0.9544056685875478,0.9391898045243894
,,,,0.857204861111111,0.9334407401903336,0.0,0.9312456206112976,0.9319770233822936,0.9337759905073316,0.9350475015579948
,,,,0.8680555555555556,0.924285533274814,0.0,0.9264046949703691,0.9248539410941116,0.9235250584863868,0.9267647105898684
,,,,0.87890625,0.9099337575744604,0.0,0.9149800410170826,0.9224697275330888,0.9097735759999716,0.9116644363445816
,,,,0.8897569444444444,0.9039217018566272,0.0,0.9073062229787836,0.9034596333400056,0.901339997896907,0.9030547895622524
,,,,0.9006076388888888,0.8889706491324106,0.0,0.8912797477972653,0.8980892951948932,0.8883371519814306,0.8955377222429082
,,,,0.9114583333333331,0.8766086912941775,0.0,0.876269072986717,0.8813213276672224,0.8849644446512156,0.8872094422585732
,,,,0.9223090277777778,0.8690782855341653,0.0,0.8666909240615329,0.8659524128835252,0.8600495255495659,0.8713185070934015
,,,,0.9331597222222222,0.8567951720690085,0.0,0.8564654489604782,0.8574093533000193,0.8551661215242379,0.8643839370519695
,,,,0.9440104166666666,0.8586523554343296,0.0,0.8521932445948084,0.8454408145000056,0.849618918083279,0.8482921984936367
,,,,0.954861111111111,0.8347263522454024,0.0,0.8307918498860027,0.8257736518661513,0.8244735385914486,0.8406569077544616
,,,,0.9657118055555556,0.8161908184491339,0.0,0.8212550053797854,0.8161438185410813,0.8107985064725112,0.8283850719000359
,,,,0.9765625,0.8120579402729615,0.0,0.8116653896216944,0.8036940227682552,0.8099275516629529,0.8095465715346062
,,,,0.9874131944444444,0.789754215777731,0.0,0.7935546963935438,0.7829389242784095,0.7824022458174764,0.7855809758243325
,,,,0.9982638888888888,0.7685520136476798,0.0,0.7794280077664175,0.7680977846023315,0.7740844970322205,0.7677915772917843
,,,,1.0091145833333333,0.7543339283346628,0.0,0.7484026287391682,0.7572886669457641,0.7531155604650345,0.7484436277737735
,,,,1.0199652777777777,0.7461437697733523,0.0,0.7366355544889135,0.7464655527563041,0.7428238809662082,0.7461728304017242
,,,,1.030815972222222,0.7256240837872892,0.0,0.7214538595903591,0.7215783928165136,0.7296388893447083,0.7245939990829436
,,,,1.0416666666666663,0.7114172353111076,0.0,0.7036437584788072,0.7032909617266921,0.6974026406188547,0.712109042308477
,,,,1.0525173611111112,0.6841890638416815,0.0,0.690223214032237,0.6744078655224507,0.6890957433808991,0.6957533843827629
,,,,1.0633680555555556,0.6779095807190345,0.0,0.6633368153952798,0.6641032073896953,0.6706174965270444,0.6680460324000748
,,,,1.07421875,0.6536025314210128,0.0,0.6552126002363534,0.6556379359990757,0.6459718547261195,0.6513366654146981
,,,,1.0850694444444444,0.6361582936703395,0.0,0.6392857892910586,0.6268785684152135,0.6260616549385647,0.6358946325327712
,,,,1.0959201388888888,0.6118149883791335,0.0,0.6158506106005555,0.6183298199901424,0.6209460068009682,0.6193006161573933
,,,,1.1067708333333333,0.6036346652274631,0.0,0.5976031700082418,0.5971723539800684,0.6006805761837111,0.5942588800684189
,,,,1.1176215277777777,0.5768415888984124,0.0,0.5760745952451035,0.573747931830699,0.5833220658318587,0.5776552066351395
,,,,1.128472222222222,0.5537755842541086,0.0,0.5605388720113345,0.5624665208788463,0.5607127239264843,0.5533640558075138
,,,,1.1393229166666663,0.5379720690981882,0.0,0.5396260695350249,0.5330326056379354,0.5263780289793941,0.5366777876797622
,,,,1.1501736111111112,0.5142297268716097,0.0,0.5041015108688193,0.514797514251031,0.5220494126033661,0.5152274197798896
,,,,1.1610243055555556,0.4954947365914861,0.0,0.4954249564560265,0.4986707812141709,0.4917447414738065,0.4941610073035253
,,,,1.171875,0.4724065005338106,0.0,0.4694239746247604,0.4750477266813273,0.4665980020431641,0.4653116423854364
,,,,1.1827256944444444,0.4525561732358921,0.0,0.4470028742719032,0.4430048121307159,0.4556849770752934,0.4550746870659
,,,,1.1935763888888888,0.4239379023560166,0.0,0.4320331543161068,0.432179509994897,0.4254765255967188,0.4239874720946788
,,,,1.2044270833333333,0.4062592323190311,0.0,0.4077861411936594,0.4080539445017823,0.4100445804558196,0.410687775490264
,,,,1.2152777777777777,0.3800345200647431,0.0,0.3788490087090418,0.3824423850304408,0.3862261754065377,0.383241337006753
,,,,1.226128472222222,0.3722388546456074,0.0,0.3610399789214294,0.3609051847296548,0.3581483295211571,0.3621414164681628
,,,,1.2369791666666663,0.3376502678728178,0.0,0.3334543722547502,0.3395806070403455,0.3381879838755601,0.3348883413650981
,,,,1.2478298611111112,0.3126269646843826,0.0,0.3075753079518505,0.3194650327533323,0.3139036032208874,0.3164667161687867
,,,,1.2586805555555556,0.2907003302027779,0.0,0.298487152415929,0.3012219006915391,0.2845077814592698,0.2954486803150528
,,,,1.26953125,0.2700424433728076,0.0,0.2667458630625168,0.2685970282937078,0.2636542690672513,0.2698493865157883
,,,,1.2803819444444444,0.2472075135844362,0.0,0.2417790540534867,0.2444278530272885,0.2375325680850597,0.2444989086823212
,,,,1.2912326388888888,0.2184218368018767,0.0,0.2208420948883949,0.2177604567337803,0.2204649691163982,0.224568286186706
,,,,1.3020833333333333,0.1940652305388437,0.0,0.2055771774215288,0.2002664024760137,0.1897534282898642,0.1929806081262869
,,,,1.3129340277777777,0.1699957829879867,0.0,0.1689881879319044,0.1695511355676025,0.1675688048079675,0.169999792185353
,,,,1.323784722222222,0.1444517148137444,0.0,0.1442426962982352,0.1458461603542784,0.1456054784239447,0.1485419287537565
,,,,1.3346354166666663,0.1203949115422037,0.0,0.1322434874666571,0.1230154094225154,0.1185681523968073,0.1117908584097684
,,,,1.3454861111111112,0.1055115889055169,0.0,0.0938116021673281,0.0947834074396294,0.1072461282376172,0.1041428060279452
,,,,1.3563368055555556,0.0739979849537797,0.0,0.0717986878641021,0.0728976051818857,0.0784915560987635,0.07677275516071
,,,,1.3671875,0.0478452869298935,0.0,0.0457440883943643,0.0413169355757945,0.0430984346356674,0.0371140664730418
,,,,1.3780381944444444,0.0256880492139962,0.0,0.0245470837826735,0.018606187800179,0.026989813905425,0.035964259723436
,,,,1.3888888888888888,-0.0044258245702681,-0.0,0.0030920323689397,-0.0016030285361883,-0.0020809967887831,0.0026322123511914
,,,,1.3997395833333333,-0.0305478210883962,-0.0,-0.0274141564761575,-0.0224543731296204,-0.0230923829071051,-0.028605481171856
,,,,1.4105902777777777,-0.0532331238076377,-0.0,-0.0496957076021985,-0.0552150383137522,-0.0428230365434941,-0.0383339289982226
,,,,1.421440972222222,-0.0726002445672871,-0.0,-0.0778318173095183,-0.0722103513933111,-0.065865061235651,-0.0861155738574632
,,,,1.4322916666666663,-0.0964334553391401,-0.0,-0.1005666351655125,-0.1096832369698335,-0.0967505229873236,-0.0929470112587712
,,,,1.4431423611111112,-0.1267322595259498,-0.0,-0.1203883495951442,-0.1249350071775209,-0.1314543799287866,-0.1268759823189044
,,,,1.4539930555555556,-0.1534704186137934,-0.0,-0.1495574678042364,-0.1417155116470995,-0.1444709993140451,-0.1474805635174238
,,,,1.46484375,-0.1770971563968756,-0.0,-0.1745299863443964,-0.1660122329392901,-0.1744712523256624,-0.1720009560186489
,,,,1.4756944444444444,-0.2016916010372959,-0.0,-0.1958455302410019,-0.1915404996442732,-0.1893574178290121,-0.1928877633118129
,,,,1.4865451388888888,-0.2217324542051932,-0.0,-0.2197952873919642,-0.2287064980586986,-0.2187187678203008,-0.2230382614133438
,,,,1.4973958333333333,-0.2492695311319747,-0.0,-0.240037883455127,-0.2499310456976542,-0.2414040153916164,-0.2414415464700279
,,,,1.5082465277777777,-0.2708842929564418,-0.0,-0.2698634934968337,-0.2616139453147448,-0.2675246973937695,-0.2606154193027554
,,,,1.519097222222222,-0.2967532940568383,-0.0,-0.2930107647112952,-0.2915447204911149,-0.2920400123018943,-0.2979947879219733
,,,,1.5299479166666663,-0.3109427273787618,-0.0,-0.3191516295685641,-0.3047536585649045,-0.3222370886662434,-0.3127370459613645
,,,,1.5407986111111112,-0.3432491766676581,-0.0,-0.3310113583718198,-0.3331611283125187,-0.3380846845221564,-0.3332770063409414
,,,,1.5516493055555556,-0.3624084762704762,-0.0,-0.3612536398405218,-0.3589775412578329,-0.3644379052618335,-0.3529011050774479
,,,,1.5625,-0.3921189796758553,-0.0,-0.3893674544595659,-0.3942747867061584,-0.3860637101643787,-0.3841768490322841
,,,,1.5733506944444444,-0.404013545470014,-0.0,-0.4128303739599516,-0.4068161203689169,-0.4031746978867321,-0.399478192420902
,,,,1.5842013888888888,-0.4259187129429485,-0.0,-0.4302075937307364,-0.435420077647028,-0.4335264271533791,-0.4232432909379117
,,,,1.5950520833333333,-0.4487923257261433,-0.0,-0.4526275238174653,-0.4554632438986512,-0.4490903940505548,-0.4474906718959117
,,,,1.6059027777777777,-0.4694605978979829,-0.0,-0.4726232458487744,-0.4780166336204235,-0.4678512407037136,-0.4749257984418693
,,,,1.616753472222222,-0.5009116621109083,-0.0,-0.4973312365514531,-0.4907111204126733,-0.4909708751768539,-0.4882843456913125
,,,,1.6276041666666663,-0.5136280055050089,-0.0,-0.5229011538336737,-0.5222052194642751,-0.5084482966109326,-0.5138943280819727
,,,,1.6384548611111112,-0.5329770436722243,-0.0,-0.5300535299907442,-0.5347346277699416,-0.533316107757203,-0.5323983597885455
,,,,1.6493055555555556,-0.5487159696653794,-0.0,-0.5490896505440673,-0.5542666282740639,-0.5572575361193416,-0.5421454544875743
,,,,1.66015625,-0.5679287842968099,-0.0,-0.5657560180975704,-0.5752818544528939,-0.5816241173854098,-0.5708932557222147
,,,,1.6710069444444444,-0.586600314719393,-0.0,-0.5944023771870892,-0.598555575396722,-0.5845643122136813,-0.5861539020960274
,,,,1.6818576388888888,-0.6063322567259988,-0.0,-0.6128781119246951,-0.6150674491294467,-0.6092293146690579,-0.6164441245109571
,,,,1.6927083333333333,-0.6319664498016588,-0.0,-0.6336904867520834,-0.6463726380561562,-0.6467347865695854,-0.6391018280204609
,,,,1.7035590277777777,-0.6485240490030022,-0.0,-0.6549430759007236,-0.6549563410188213,-0.6497573523163943,-0.6537885242096644
,,,,1.714409722222222,-0.6729088589276249,-0.0,-0.6752341077728699,-0.6715689162859162,-0.6593075280794471,-0.6845392893695278
,,,,1.7252604166666663,-0.6844090176906216,-0.0,-0.6942443478531598,-0.6868030320456019,-0.6887695008755835,-0.6960436572242916
,,,,1.7361111111111112,-0.7057352754566105,-0.0,-0.7091399126039829,-0.7053774139933863,-0.7055650426501161,-0.7084819981945841
,,,,1.7469618055555556,-0.720267397534581,-0.0,-0.7247937735451236,-0.7302379504900348,-0.7243062964029369,-0.7211250386207955
,,,,1.7578125,-0.7481227642677684,-0.0,-0.7398331101312133,-0.7412294758142387,-0.7373296439033409,-0.7388335969960598
,,,,1.7686631944444444,-0.7592272771821336,-0.0,-0.7581437251834026,-0.7620375346834927,-0.7585119980892525,-0.7597117390213652
,,,,1.7795138888888888,-0.7714137675542279,-0.0,-0.7717449761722838,-0.7725392319326594,-0.7687245833417953,-0.7720087766116573
,,,,1.7903645833333333,-0.7776152841307651,-0.0,-0.7845698767028767,-0.7887692483945006,-0.7894994771714632,-0.788846753356796
,,,,1.8012152777777777,-0.8048799117365772,-0.0,-0.7993712678600071,-0.8031857330062365,-0.8138889427166692,-0.8006444900478185
,,,,1.812065972222222,-0.8125772711358928,-0.0,-0.8229332987603099,-0.8269428481316541,-0.8134948601706895,-0.8227821384318361
,,,,1.8229166666666663,-0.8273153655305794,-0.0,-0.8353618936510636,-0.8317589338406484,-0.836877904835142,-0.8325236543081288
,,,,1.833767361111111,-0.8462955238836273,-0.0,-0.8444790417293564,-0.840400863330537,-0.854036271299725,-0.851581533472905
,,,,1.844618055555556,-0.8528092122541097,-0.0,-0.8517986378684612,-0.857014981844419,-0.8643742600735601,-0.8628573332698121
,,,,1.85546875,-0.878969184444501,-0.0,-0.8671948146782602,-0.8690277735639419,-0.8661314519133732,-0.8528378309002245
,,,,1.8663194444444444,-0.8811710536651691,-0.0,-0.8848056757053074,-0.8816958508001239,-0.8874354357821165,-0.8850041596632192
,,,,1.8771701388888888,-0.8942483964706677,-0.0,-0.8879282848234284,-0.896936286680176,-0.8901154263506652,-0.899231770646373
,,,,1.8880208333333333,-0.906042766104089,-0.0,-0.9003269159776888,-0.9058258733941842,-0.9043407121408678,-0.8936336909704689
,,,,1.8988715277777777,-0.918186006224755,-0.0,-0.9098451173104628,-0.9039452004920168,-0.918904124950264,-0.9157993968780588
,,,,1.909722222222222,-0.9309554912991678,-0.0,-0.9208142325841462,-0.9212695629129128,-0.932648088879904,-0.9224053366991406
,,,,1.9205729166666663,-0.9372472761677588,-0.0,-0.928836779976356,-0.9309706999318774,-0.9290859217866771,-0.9383831307340044
,,,,1.931423611111111,-0.935091530556556,-0.0,-0.9355084997696812,-0.951597858344993,-0.9511334202545116,-0.947123860410346
,,,,1.942274305555556,-0.9420394506112946,-0.0,-0.9473385386539744,-0.947819108106868,-0.9420133863298956,-0.9518169148988102
,,,,1.953125,-0.9596134803117896,-0.0,-0.9527623998301848,-0.9538982237993492,-0.9560549889332944,-0.9479185959067152
,,,,1.9639756944444444,-0.9712726455597728,-0.0,-0.9669405030823988,-0.9579385320011136,-0.9678261023668324,-0.9671120442205784
,,,,1.9748263888888888,-0.9688835187726352,-0.0,-0.96661475887932,-0.9633006835754364,-0.9646328175478333,-0.97302920817362
,,,,1.9856770833333333,-0.9772773037467626,-0.0,-0.9719011171821954,-0.966853091642486,-0.9713340804766482,-0.9700850938481868
,,,,1.9965277777777777,-0.9837392904691682,-0.0,-0.9786720458212308,-0.991878737519575,-0.9843305828037686,-0.980776003838362
,,,,2.0073784722222223,-0.996645752644346,-0.0,-0.9855842807436448,-0.9685198464320774,-0.98696137420358,-0.9900093158998527
,,,,2.0182291666666665,-0.9943800632795432,-0.0,-0.9835131997006068,-0.9846464453063096,-0.9859363639090788,-0.990736175195345
,,,,2.029079861111111,-0.99428106193606,-0.0,-0.9939371572923564,-0.9875783137058812,-0.9932153037725954,-0.9968807180724072
,,,,2.039930555555556,-0.9827453528618336,-0.0,-0.996401486753704,-1.0009810323675752,-0.998747643629328,-1.0013307391836277
,,,,2.05078125,-0.9987420662137024,-0.0,-1.006411079308721,-0.9991926360733226,-0.9977729405024196,-1.0001728677438535
,,,,2.061631944444444,-1.0020616563799984,-0.0,-0.9949066055751592,-1.0016751331243767,-1.0026517596913844,-1.004181521161753
,,,,2.072482638888889,-1.004913617105244,-0.0,-0.9991468472895912,-1.0047187933758506,-0.996665101977737,-0.991634384866952
,,,,2.083333333333333,-1.0032081138518796,-0.0,-1.0041849325922845,-0.9935598396716654,-0.993755626668296,-0.9956396160130108
,,,,2.0941840277777777,-1.0036251518614985,-0.0,-0.9986972420237572,-1.0020038727961378,-1.0038681022351017,-1.003176341885902
,,,,2.1050347222222223,-0.99823607115658,-0.0,-0.9958238999617948,-1.0044845953225363,-1.003149915905446,-0.999456815682127
,,,,2.1158854166666665,-0.9959273309676488,-0.0,-1.0014881436371974,-0.9990842284462048,-0.998899536556184,-0.9935767120363186
,,,,2.126736111111111,-1.0001296438954876,-0.0,-0.9926463102606428,-0.9984061852642372,-0.9969294753708744,-0.984941176947912
,,,,2.137586805555556,-0.9939535844470776,-0.0,-0.988205381346601,-0.99168594627845,-0.99123745326481,-0.9923526958264672
,,,,2.1484375,-0.9888347725088832,-0.0,-0.991740917283766,-0.9974566350806776,-0.987706090465188,-0.9832138620499612
,,,,2.159288194444444,-0.9814817963657588,-0.0,-0.9817891910383678,-0.9876101573661124,-0.9919745684191288,-0.9870088996331556
,,,,2.170138888888889,-0.978296897416602,-0.0,-0.9794184809257048,-0.9772692395903269,-0.98042330016571,-0.9788730653195874
,,,,2.180989583333333,-0.9668656440249516,-0.0,-0.9726742195530932,-0.9810837912207716,-0.9689673487671364,-0.9808687323104984
,,,,2.1918402777777777,-0.9686212775030524,-0.0,-0.9770403139646208,-0.9696479406437628,-0.9710098378733388,-0.9692146428162968
,,,,2.2026909722222223,-0.9736177793022424,-0.0,-0.9590389031149176,-0.9615369404063768,-0.9712731971874295,-0.9514592851376542
,,,,2.2135416666666665,-0.9609365531461151,-0.0,-0.950234200776778,-0.969923266129322,-0.9581019039568996,-0.9642880253463854
,,,,2.224392361111111,-0.943552572769226,-0.0,-0.951649544101034,-0.9464575400569613,-0.9419153667749028,-0.9519687961107072
,,,,2.235243055555556,-0.9460565784209304,-0.0,-0.9454543575651764,-0.941270145265356,-0.952798433815186,-0.9452896436461552
,,,,2.24609375,-0.938740418664644,-0.0,-0.931707754799954,-0.930857206937302,-0.9314843793163804,-0.9240766747748518
,,,,2.256944444444444,-0.9224592168534774,-0.0,-0.9290035991074744,-0.9202295696875082,-0.9267221547975116,-0.9284574757728478
,,,,2.267795138888889,-0.9081055716662616,-0.0,-0.9172754620815016,-0.9136481784210808,-0.9156408951039164,-0.9140027340132794
,,,,2.278645833333333,-0.9047540120113204,-0.0,-0.903885874749468,-0.9035042607215804,-0.9160916735193404,-0.9110101494320988
,,,,2.2894965277777777,-0.8913527388591814,-0.0,-0.894692017513922,-0.8986560145932253,-0.894479735559708,-0.9016820144305612
,,,,2.3003472222222223,-0.8870836911199914,-0.0,-0.8801275581456381,-0.8870680642660986,-0.8747603862244913,-0.8943606133685273
,,,,2.3111979166666665,-0.8682163334726045,-0.0,-0.8697547700785115,-0.8716896932417273,-0.8687207724323729,-0.8638770691968257
,,,,2.322048611111111,-0.8571099173875195,-0.0,-0.8583563274614178,-0.8601624571472717,-0.8623818195457161,-0.8669203077692569
,,,,2.332899305555556,-0.8410583903838661,-0.0,-0.8365711848720995,-0.8448409417693168,-0.8436782370529995,-0.8433639711720122
,,,,2.34375,-0.834555142176478,-0.0,-0.8319424030258739,-0.8339156303726619,-0.8285262389518231,-0.8320808634959967
,,,,2.354600694444444,-0.820357308196209,-0.0,-0.8143621519963042,-0.8139220226982684,-0.8099338659230887,-0.8139525969657195
,,,,2.365451388888889,-0.797855553496704,-0.0,-0.7992655376633843,-0.8062658208075046,-0.8077849867558128,-0.8008477412778421
,,,,2.376302083333333,-0.7873397824929551,-0.0,-0.788674396156991,-0.7932867211182557,-0.7887171951864713,-0.7848976915567505
,,,,2.3871527777777777,-0.7608939463300871,-0.0,-0.7728995918391314,-0.7758409342097287,-0.7725421521504899,-0.7697225049129841
,,,,2.3980034722222223,-0.7549291619199443,-0.0,-0.7411820524048728,-0.7446706770140041,-0.7605039958181026,-0.7644828512324389
,,,,2.4088541666666665,-0.7422632127989703,-0.0,-0.7385813872271079,-0.7353306204368862,-0.738208326765776,-0.7399121368401319
,,,,2.419704861111111,-0.7235794974897928,-0.0,-0.7326072435351612,-0.7283005445919467,-0.7284887552839786,-0.7272234365699913
,,,,2.430555555555556,-0.7049187090363395,-0.0,-0.7133797804599339,-0.7076692728737658,-0.7029094795606461,-0.6994701503451188
,,,,2.44140625,-0.6924528959837666,-0.0,-0.6860121226210644,-0.6818420931871442,-0.6953470239623251,-0.6887581676278502
,,,,2.452256944444444,-0.6757997290371097,-0.0,-0.6790999017426645,-0.6727606042273649,-0.6587493421008312,-0.6795074102612355
,,,,2.463107638888889,-0.6507855826519979,-0.0,-0.6591381363085874,-0.6530360789143571,-0.6456521166693383,-0.6503633154570749
,,,,2.473958333333333,-0.6366790866670684,-0.0,-0.6289075041880858,-0.6373273983903373,-0.6375768014626688,-0.6314935166550852
,,,,2.4848090277777777,-0.6170520932623595,-0.0,-0.6200492254255673,-0.6140556089344799,-0.6189305889035706,-0.6104468610865564
,,,,2.4956597222222223,-0.5961555141525848,-0.0,-0.5966281626528992,-0.5962127899020537,-0.5979847129232289,-0.5975028502432923
,,,,2.5065104166666665,-0.5654936989358263,-0.0,-0.5839773769413749,-0.5797309944973031,-0.5757423542693914,-0.5720283157922146
,,,,2.517361111111111,-0.5575069648010443,-0.0,-0.5499851492471358,-0.556320629779617,-0.5504297279651412,-0.5597977737055774
,,,,2.528211805555556,-0.5361062359934023,-0.0,-0.5269616072744925,-0.5306420652851758,-0.5323580658138034,-0.530737362139788
,,,,2.5390625,-0.5216974588924865,-0.0,-0.5188383927509923,-0.5212093746862929,-0.5168567494945343,-0.5274022651299474
,,,,2.549913194444444,-0.4898927643306427,-0.0,-0.4854088016029425,-0.488688478734922,-0.497644982017677,-0.4935684250905364
,,,,2.560763888888889,-0.4720293998337081,-0.0,-0.478225851944726,-0.4767857763654772,-0.4721593870489609,-0.4784536032490512
,,,,2.571614583333333,-0.4518037456222782,-0.0,-0.4406175129605496,-0.4474172144317784,-0.4593690515401786,-0.451472545965325
,,,,2.5824652777777777,-0.4362727385376658,-0.0,-0.4293746288510592,-0.4215614305644932,-0.4309421488004365,-0.4230005113513309
,,,,2.5933159722222223,-0.405704535509784,-0.0,-0.4126856116404183,-0.4078374567558013,-0.4082585110417014,-0.4144789617416865
,,,,2.6041666666666665,-0.3781943251333635,-0.0,-0.3743652246351303,-0.3767838310892308,-0.38736714420601,-0.3872914846956128
,,,,2.615017361111111,-0.3617262308225635,-0.0,-0.3601065871370804,-0.3599660491388441,-0.3551174620956376,-0.3614337875825678
,,,,2.625868055555556,-0.3395747932206419,-0.0,-0.3398728500005074,-0.3363795792603023,-0.3342976180800416,-0.3428967324841364
,,,,2.63671875,-0.3118662724675313,-0.0,-0.3120857375368305,-0.3255925905073292,-0.3180203398296433,-0.3225808066202955
,,,,2.647569444444444,-0.2943874615311658,-0.0,-0.2902455148133193,-0.2944287497898863,-0.2856301340908276,-0.295629785032504
,,,,2.658420138888889,-0.2633096099738676,-0.0,-0.274385751350629,-0.2699281597571957,-0.2760079612361187,-0.2672245437454841
,,,,2.669270833333333,-0.2449242430684729,-0.0,-0.2408514405519123,-0.2439511498873957,-0.2484563577766387,-0.2482791913056905
,,,,2.6801215277777777,-0.216347813409703,-0.0,-0.2196776768360969,-0.2183152027542521,-0.2190980191221432,-0.2103050796088539
,,,,2.6909722222222223,-0.1992181232218531,-0.0,-0.2045470607947208,-0.1926059523972362,-0.1883862075338147,-0.1970211659914644
,,,,2.7018229166666665,-0.1749678103728443,-0.0,-0.1637847012403345,-0.1683649377119116,-0.1790984397063025,-0.1702037683869193
,,,,2.712673611111111,-0.0146441903394651,-0.0,-0.1496439431656656,-0.1408931944080133,-0.1573773019839222,-0.1543555261944726
,,,,2.723524305555556,-0.0129670200597417,-0.0,-0.1234841775674016,-0.1194760377010952,-0.1139159364292978,-0.1184245218648129
,,,,2.734375,-0.0092032228919836,-0.0,-0.0983643298083269,-0.0930336870467741,-0.0869534208862203,-0.0922052719383405
,,,,2.745225694444444,-0.0068038730232723,-0.0,-0.0721381206662844,-0.0666129769967769,-0.0775803122981554,-0.0776597140359266
,,,,2.756076388888889,-0.0049703604478476,-0.0,-0.0396127323721421,-0.055026428606101,-0.056874633422316,-0.0449448260698388
,,,,2.766927083333333,-0.0027536760348735,-0.0,-0.0152286390198461,-0.0160811628350952,-0.0338541260996718,-0.0370030385908662
,,,,2.7777777777777777,-9.877322243080211e-05,0.0,-5.014056871446324e-05,-0.0006137601928086,0.0092164028361891,0.0022050023175048
,,,,2.7886284722222223,0.002212365141335,0.0,0.0203023463891253,0.0270090886144816,0.0281391770838606,0.0320905930261823
,,,,2.7994791666666665,0.0045143493292409,0.0,0.0574773629961055,0.0448935351144178,0.0594266140713954,0.0431713929258321
,,,,2.810329861111111,0.007515023904134,0.0,0.0780342891684629,0.0750346557312107,0.076978557039943,0.0814214722609715
,,,,2.821180555555556,0.0098143755434108,0.0,0.0997605902952165,0.1072457040120975,0.0995521528884552,0.0961858104963558
,,,,2.83203125,0.0123501126259502,0.0,0.1241665658746462,0.1187172489765029,0.121775156860716,0.1136851414852674
,,,,2.842881944444444,0.0140490282027744,0.0,0.1487754709950947,0.1518655182740148,0.1512595244310424,0.1456571111331523
,,,,2.853732638888889,0.0167122783560019,0.0,0.1677777299555226,0.1633205579008662,0.1615082727526736,0.163639520368757
,,,,2.864583333333333,0.0198995248077015,0.0,0.2076541567945753,0.2013469693226127,0.2038714784315053,0.192993733247378
,,,,2.8754340277777777,0.0222013284742127,0.0,0.2239478892283731,0.2172187447830696,0.2209215185651812,0.2133452791352799
,,,,2.8862847222222223,0.0239463321675308,0.0,0.250250835902946,0.2455795412483886,0.2405758883679095,0.2372340962795379
,,,,2.8971354166666665,0.026885230879629,0.0,0.2642962700171869,0.268162734262921,0.2687956603396741,0.2675699163408687
,,,,2.907986111111111,0.0283942555382016,0.0,0.2848098415120525,0.2871734850628106,0.2928297404120226,0.2952015232015328
,,,,2.918836805555556,0.0309038951297348,0.0,0.3181531174256295,0.3179769707088411,0.3134888361791469,0.3067494292791836
,,,,2.9296875,0.0335162779724591,0.0,0.3273426907344486,0.3381058623566608,0.3384433074983493,0.3356875116245926
,,,,2.940538194444444,0.035589044563508,0.0,0.364052003482302,0.3587677414572956,0.3608770058430831,0.3490899448414644
,,,,2.951388888888889,0.0385709566485218,0.0,0.3851521961588824,0.3802838394950973,0.3956802863050092,0.3865593584125563
,,,,2.962239583333333,0.0405575703729289,0.0,0.407846175243484,0.4064771516693774,0.4000294780276435,0.4077972365066031
,,,,2.9730902777777777,0.0424456547577945,0.0,0.4336878121508051,0.4293560700729927,0.4257838646040421,0.4339413815460722
,,,,2.9839409722222223,0.0446168000942492,0.0,0.4424327059314806,0.4527070331007319,0.4441916923170884,0.4522338044441147
,,,,2.9947916666666665,0.0469367798807866,0.0,0.4860595986049213,0.4552648428945932,0.4740179214451321,0.4776171532025584
,,,,3.005642361111111,0.0492124318967965,0.0,0.4940276651206879,0.499589481766568,0.4972531683008988,0.490224927843693
,,,,3.016493055555556,0.0507221259518913,0.0,0.5165729949328587,0.5203347164016365,0.511062081237988,0.5265568813389594
,,,,3.02734375,0.0544016182964382,0.0,0.5324000747940835,0.5379171668395792,0.5345463405512649,0.5324735576164652
,,,,3.038194444444444,0.055048518928442,0.0,0.5501627412081589,0.554440525608806,0.5571584184892213,0.5563452567494723
,,,,3.049045138888889,0.0576559234918065,0.0,0.5748121395188025,0.5736141726493146,0.5806886680169236,0.5818501912713472
,,,,3.059895833333333,0.0605064940032929,0.0,0.5930639544433465,0.5999358902095006,0.5938795026141028,0.5909667603226901
,,,,3.0707465277777777,0.061957040935421,0.0,0.6206333070688961,0.6270153217136859,0.6193449483833712,0.6077015405569948
,,,,3.0815972222222223,0.0639362587647812,0.0,0.638747440487968,0.6392577135550372,0.6267587936307378,0.6340280644526556
,,,,3.0924479166666665,0.0649050526299305,0.0,0.6553220436260898,0.6472573208439953,0.6567830337137848,0.6548239199158842
,,,,3.103298611111111,0.0677943021414641,0.0,0.6739563006124737,0.6718962399454081,0.6706605253849967,0.6718243009099718
,,,,3.114149305555556,0.0691698480745861,0.0,0.6979407088185774,0.6939523861990692,0.690924573857813,0.685961979273745
,,,,3.125,0.0708980463249646,0.0,0.7065030021079577,0.7094343979988148,0.7067937206556753,0.711824093097377
,,,,3.135850694444444,0.071012921862502,0.0,0.7133692542718659,0.7274360921512468,0.7171425603573247,0.7285212901875862
,,,,3.146701388888889,0.0739728428998248,0.0,0.7405849395426335,0.7450681246016793,0.7346982037570675,0.7427430020437058
,,,,3.157552083333333,0.0756715903457099,0.0,0.7584149169385439,0.7571018759770427,0.761862084168627,0.7502239638913194
,,,,3.1684027777777777,0.0777154668854157,0.0,0.7853628016154048,0.7774475592852834,0.772018620468078,0.7741141874636713
,,,,3.1792534722222223,0.0791757694065998,0.0,0.7891672636156866,0.7921125793597709,0.7906721424803403,0.79123943428827
,,,,3.1901041666666665,0.0803709707705973,0.0,0.7997523048670788,0.802125728514366,0.7975603923666249,0.7979385438891887
,,,,3.200954861111111,0.0811129717830613,0.0,0.8227380515709785,0.8120810175574166,0.8132831974741928,0.8127662424526492
,,,,3.211805555555556,0.0827127994648415,0.0,0.8327086705692585,0.8287106246904583,0.8300710230652335,0.833999168310502
,,,,3.22265625,0.0841652939521623,0.0,0.8425514801361016,0.8561267276221957,0.8538684765270486,0.8423890381827891
,,,,3.233506944444444,0.0856089315887266,0.0,0.8598919034086119,0.8609246522259891,0.8671890074989927,0.852886886531427
,,,,3.244357638888889,0.0871431168806921,0.0,0.8714875142560464,0.8667695769113859,0.8688833986288803,0.8687272936379596
,,,,3.255208333333333,0.0879432631491142,0.0,0.8806913645289438,0.8847935676298931,0.8845830120107181,0.8886935342581521
,,,,3.2660590277777777,0.089344834300439,0.0,0.9017200241304067,0.8947287734127097,0.8948464484946534,0.8975157628781736
,,,,3.2769097222222223,0.090623745664676,0.0,0.900973448173484,0.901070802953458,0.9088615789607264,0.8944941774387177
,,,,3.2877604166666665,0.0915596324093493,0.0,0.9141313107010964,0.9092058362090172,0.9180770265383004,0.9154403801498948
,,,,3.298611111111111,0.0917785445855405,0.0,0.918354236397102,0.9285245870151306,0.9197940941596126,0.9199479503192054
,,,,3.309461805555556,0.0928879871433738,0.0,0.9355624030530136,0.9348060795901172,0.9410859885187594,0.9296941980207688
,,,,3.3203125,0.0946716436341836,0.0,0.9408514472313112,0.9379109945894388,0.9495067420088198,0.933516366567487
,,,,3.331163194444444,0.0947255018889735,0.0,0.9458038697371884,0.9459177827221243,0.9479829068182648,0.9415618226479848
,,,,3.342013888888889,0.0956836224584244,0.0,0.9640103542994054,0.9457838540281012,0.957175947928442,0.9555989348557796
,,,,3.352864583333333,0.0961643689818218,0.0,0.955540964259697,0.9625964379071724,0.9640597903072424,0.9608043078237009
,,,,3.3637152777777777,0.0963067123266431,0.0,0.9747181304380964,0.9640156689569108,0.965031318231799,0.9608983001461848
,,,,3.3745659722222223,0.0969237271638644,0.0,0.9717558710785305,0.972728942198913,0.9758859917717644,0.9685810836266469
,,,,3.3854166666666665,0.097656163230584,0.0,0.9871788561984128,0.982954389734459,0.991702829906426,0.9770413209318448
,,,,3.396267361111111,0.0990234533469436,0.0,0.982212832631272,0.992867174777584,0.9782641009797556,0.9849521859917396
,,,,3.407118055555556,0.0985806117991573,0.0,0.9907980800420236,0.9847197298403596,0.9868117335522962,0.9931648923738872
,,,,3.41796875,0.0992531434606079,0.0,0.992123467387402,0.9963604244017664,0.9937312074349056,0.9968771507955878
,,,,3.428819444444444,0.0998218833411629,0.0,0.9930319462355892,0.9900546751910684,0.9864979873138376,0.9965583605903068
,,,,3.439670138888889,0.099326007550581,0.0,1.0029541680515168,0.9953835659025112,0.9939271614665186,1.0022457351983578
,,,,3.450520833333333,0.1003858613734073,0.0,0.9987394618612068,0.9988268562166976,0.9981900161535924,1.0037334273970828
,,,,3.4613715277777777,0.0995888375901415,0.0,0.999274726166603,1.002657545333424,1.0042316480241726,0.992381572266786
,,,,3.4722222222222223,0.100214475973416,0.0,0.9968540705176184,1.0004679759622694,1.0020202671552445,1.0032895892720932
,,,,3.4830729166666665,0.1002434860952385,0.0,0.9989439522349604,1.0014483160689651,1.0025588207459926,0.9952199642764844
,,,,3.493923611111111,0.0997768950262046,0.0,0.993935317306979,0.9947167155710148,0.9982424407515046,0.996199185078788
,,,,3.504774305555556,0.0995157262424995,0.0,0.99579321710489,1.0002301545272596,0.9961790189479188,0.9999348401522908
,,,,3.515625,0.0994069014176122,0.0,0.999208438341485,0.9991048253790088,0.9952395755457284,0.9913283839577668
,,,,3.526475694444444,0.1004724250843309,0.0,0.9893602274612984,0.9922690568055816,0.9986160304964656,0.9908703090216996
,,,,3.537326388888889,0.0992009297364462,0.0,0.9848213281789504,0.984099480844816,0.0197777197147895,0.9812104861612844
,,,,3.548177083333333,0.0989997535635003,0.0,0.9903793927661148,0.9818408535683252,0.0198890219418718,0.982102936690001
,,,,3.5590277777777777,0.097332456481696,0.0,0.976375815570684,0.9851161529154596,0.0196036368234011,0.9813352018609748
,,,,3.569878472222222,0.0977210033991849,0.0,0.9774049311749688,0.9720184755359916,0.0194556216614865,0.9760991838346936
,,,,3.5807291666666665,0.0962285904924257,0.0,0.9685487496674422,0.9703729821815714,0.0193865008682441,0.978985444485265
,,,,3.591579861111111,0.0974484826792594,0.0,0.9517885547560224,0.9673376817880404,0.0193446753988319,0.9611258607037664
,,,,3.602430555555556,0.0956997244887511,0.0,0.9547650675746494,0.960603220503053,0.0191503228429424,0.9487060375995846
,,,,3.61328125,0.0947532084728351,0.0,0.9499754856695491,0.9481462357901288,0.0189983934002559,0.94903875498842
,,,,3.624131944444444,0.0935739363521808,0.0,0.9357207982297676,0.9371512904684076,0.0188704232696624,0.9405494808057324
,,,,3.634982638888889,0.0942033733541553,0.0,0.9319477369629164,0.9341548743231252,0.0186730511675023,0.9185609910047432
,,,,3.645833333333333,0.0917374476294783,0.0,0.927204337499098,0.9266102959237305,0.018286475201874,0.9208990205901788
,,,,3.6566840277777777,0.0924428863964602,0.0,0.91147354420032,0.9171244199589526,0.0184356727123636,0.9092310176188232
,,,,3.667534722222222,0.091014084146087,0.0,0.9041196323621102,0.9073471516857504,0.0180459494664742,0.9027977487176332
,,,,3.6783854166666665,0.0896266994716338,0.0,0.893291553085254,0.8891651037436783,0.0176945556955208,0.8929698784453522
,,,,3.689236111111111,0.0875782308403298,0.0,0.8812883718170295,0.8829047994224294,0.0176288648929427,0.8797258115096543
,,,,3.7000868055555554,0.0865484110738061,0.0,0.8662005996891343,0.8733733041864177,0.0173451227590737,0.8720317753786223
,,,,3.7109375,0.0853481114435333,0.0,0.8470286384254756,0.8602361407723952,0.0171316969420411,0.8641316619460915
,,,,3.721788194444444,0.0845176004465476,0.0,0.8451071558176991,0.8468288067707207,0.0167013994154597,0.8429916127064895
,,,,3.732638888888889,0.0825685203746831,0.0,0.8195101536675123,0.829333346636155,0.0165171290700969,0.8297599715929171
,,,,3.743489583333333,0.0819473257668885,0.0,0.8176484585724199,0.8171341296627114,0.0163703810033016,0.8242313547914614
,,,,3.7543402777777777,0.079978623202243,0.0,0.7919807937334417,0.8082885755243178,0.0161252733363593,0.7989333605357124
,,,,3.765190972222222,0.0786924768821748,0.0,0.7884927358924071,0.7820828665298638,0.0159036646842642,0.7831609941567939
,,,,3.7760416666666665,0.0782381079829857,0.0,0.7784933162200082,0.7713689490204559,0.0155314178509996,0.7756864927967312
,,,,3.786892361111111,0.0759985430355963,0.0,0.752563621721373,0.7686762221262737,0.0152297817798157,0.760145084859411
,,,,3.7977430555555554,0.0732928870593728,0.0,0.7411226491252506,0.7382704898979142,0.0148213078420283,0.7410487782462816
,,,,3.80859375,0.0724511689286504,0.0,0.7247422880617485,0.7242302289606359,0.0146383422248519,0.719540712010816
,,,,3.819444444444444,0.0697365963691744,0.0,0.7026206012704257,0.7082769454969008,0.0142928304380475,0.7115196652351885
,,,,3.830295138888889,0.0681305066147173,0.0,0.6867736687523402,0.6877076686277152,0.0136507366420072,0.6845466744957622
,,,,3.841145833333333,0.0673418808881057,0.0,0.6738094171979703,0.6724328126797663,0.0134306028575912,0.6745743528221482
,,,,3.8519965277777777,0.0642972801461712,0.0,0.6612419108666733,0.6564811565795574,0.0131203058796021,0.6566305819078488
,,,,3.862847222222222,0.0636756716473192,0.0,0.639791846149211,0.6389233737088497,0.0125506671751619,0.6351171536122041
,,,,3.8736979166666665,0.060862373197547,0.0,0.6155794913626028,0.6138456954243455,0.0122343279930468,0.6113884250747592
,,,,3.884548611111111,0.0592093811817552,0.0,0.596935085663082,0.5957588941683534,0.0119522522133069,0.5985465914076635
,,,,3.8953993055555554,0.056802515641996,0.0,0.5665017931043954,0.5749030769642574,0.0114978433449143,0.5754050080909682
,,,,3.90625,0.0552601233598071,0.0,0.5571385566128346,0.5504410659888205,0.0111509442837408,0.5535720028072459
,,,,3.917100694444444,0.0539772462770861,0.0,0.5361387124532692,0.5356789149700851,0.0109166255960795,0.5362863741183902
,,,,3.927951388888889,0.0511937964477965,0.0,0.5129129754400957,0.5103608002711282,0.0103412466736201,0.5253919490724207
,,,,3.938802083333333,0.0503996790138942,0.0,0.4910132847368251,0.4878626970043473,0.0097426625407765,0.4973000135715295
,,,,3.9496527777777777,0.0467624806874133,0.0,0.4682981397406744,0.4640299679360078,0.0093717351759719,0.4727532720436677
,,,,3.960503472222222,0.0446559569701353,0.0,0.450301240409278,0.4549846602922278,0.0088014439349519,0.4525096395547453
,,,,3.9713541666666665,0.0429233924760161,0.0,0.419907369465866,0.425236272915389,0.0084811296430313,0.4285857725746322
,,,,3.982204861111111,0.0401763467505169,0.0,0.4042708782163485,0.4039923476987681,0.0080738455515784,0.398754874815188
,,,,3.9930555555555554,0.0390144627024345,0.0,0.383559186264172,0.3894472588225195,0.0077422411165603,0.391883400433851
,,,,4.00390625,0.0359710059183478,0.0,0.3568409954151354,0.3579976642554102,0.0072013195443174,0.3638647381021128
,,,,4.014756944444445,0.0333316296730863,0.0,0.3391339313981911,0.3424967874758258,0.0066655891598467,0.3177544552467912
,,,,4.025607638888888,0.0317338664575436,0.0,0.3155518637301655,0.3163665377120773,0.0064085349904802,0.3174326890222727
,,,,4.036458333333333,0.0292108284816416,0.0,0.2890942683170182,0.2932655386085614,0.0057637713156045,0.2865210726746548
,,,,4.047309027777778,0.0269825484979599,0.0,0.2711984665318211,0.2751705880670875,0.0054039089624667,0.2653675779604917
,,,,4.058159722222222,0.0244630797652926,0.0,0.2379690639474692,0.2412886263654073,0.0047598465416253,0.2393019777422049
,,,,4.069010416666667,0.021039397553326,0.0,0.2157024159251752,0.2184913344497462,0.0044638444499318,0.222163812391204
,,,,4.079861111111111,0.0198837886897029,0.0,0.1990412370087175,0.1965054812511446,0.0038439267248574,0.1941445319000566
,,,,4.090711805555555,0.0173752400049409,0.0,0.1761678570493971,0.178159278051517,0.0033211865615734,0.1780294891188704
,,,,4.1015625,0.0157778410525679,0.0,0.1414898819416678,0.1555842389479625,0.0029164894367079,0.1471884301330483
,,,,4.112413194444445,0.012158902998696,0.0,0.1244630617040278,0.1267911297701684,0.0022823213174251,0.1214011216261634
,,,,4.123263888888888,0.0104329784143591,0.0,0.0934007126833092,0.0965831566359014,0.0018278054994566,0.0871352619464456
,,,,4.134114583333333,0.0065515701466304,0.0,0.0680691614113679,0.0790252919556225,0.0015664795166663,0.0672764471209683
,,,,4.144965277777778,0.0041327566743629,0.0,0.0510530181863336,0.0438481186376128,0.0009258380599602,0.0455405198316225
,,,,4.155815972222222,0.0018376480476672,0.0,0.0265193239315931,0.0302165887295319,0.0004231483602061,0.0258090877688997
,,,,4.166666666666666,-0.0001478669514479,-0.0,0.0047839877774382,-0.007430050907009,-0.000107859591991,-0.0083628152692741
,,,,4.177517361111111,-0.0023043600036765,-0.0,-0.0303111401257638,-0.0192403049656064,-0.0007246613655018,-0.0257453869026198
,,,,4.188368055555555,-0.0044630450586159,-0.0,-0.0491302013996486,-0.047034095220287,-0.0011617676802031,-0.0561787415887393
,,,,4.19921875,-0.0070996317170154,-0.0,-0.0731089683897823,-0.0737420857790605,-0.0014360109579234,-0.0662640226464638
,,,,4.210069444444445,-0.009160704903561,-0.0,-0.0982871541497641,-0.0961580709833325,-0.001919808393904,-0.0989657582800309
,,,,4.220920138888888,-0.0124437381141684,-0.0,-0.1160194762275362,-0.1334425112261055,-0.0023955086648491,-0.1128703600535264
,,,,4.231770833333333,-0.0142967470653907,-0.0,-0.1457772560665939,-0.148009167338904,-0.0029262623671596,-0.1441564351130803
,,,,4.242621527777778,-0.0170587169134626,-0.0,-0.1766682605619464,-0.1656566023209276,-0.0033801226954555,-0.1709443390679143
,,,,4.253472222222222,-0.0196490323441709,-0.0,-0.1919235357693296,-0.1992551946209525,-0.0039293283197726,-0.1976984457457419
,,,,4.264322916666666,-0.0218585648420853,-0.0,-0.2242895358001803,-0.2113829822385583,-0.00431052338628,-0.2098057423366685
,,,,4.275173611111111,-0.0241736787304271,-0.0,-0.2440585096989298,-0.2341407597476611,-0.0048855281705153,-0.2346876341414115
,,,,4.286024305555555,-0.0273239262497351,-0.0,-0.2684057808260076,-0.2631815041133518,-0.0053366629823063,-0.2610777010177705
,,,,4.296875,-0.0287260486090592,-0.0,-0.2816200783855844,-0.2868941204091127,-0.0058266408297854,-0.2953037825677354
,,,,4.307725694444445,-0.0310995776336603,-0.0,-0.3088805273396434,-0.3129281594860231,-0.0064250270008861,-0.3115863708483491
,,,,4.318576388888888,-0.0330744198975669,-0.0,-0.33579788971606,-0.3388272036036775,-0.0067189768676316,-0.3334180858453618
,,,,4.329427083333333,-0.035707643837093,-0.0,-0.3631208408662248,-0.3648065597204776,-0.0073203283469386,-0.3606756922058359
,,,,4.340277777777778,-0.0386762102172927,-0.0,-0.3775335477045972,-0.3865953773934634,-0.0076407325554984,-0.3890305932060958
,,,,4.351128472222222,-0.0403399561952,-0.0,-0.4117678319361209,-0.4027644547145262,-0.008189837928394,-0.4047700315041905
,,,,4.361979166666666,-0.0427666123645358,-0.0,-0.4303762724571655,-0.43206533031499,-0.0086381192351044,-0.4297502823416344
,,,,4.372829861111111,-0.0452496843025055,-0.0,-0.4548468077688823,-0.4490079492907938,-0.0090512075602893,-0.4452232763108131
,,,,4.383680555555555,-0.0466776246103075,-0.0,-0.4708542325923862,-0.4624990547911783,-0.0095111664277875,-0.4681101202543688
,,,,4.39453125,-0.048219962358662,-0.0,-0.4916192898841389,-0.5002348957217192,-0.009902521866602,-0.4931583777592795
,,,,4.405381944444445,-0.0513305755505326,-0.0,-0.5182581770594726,-0.5044390568607492,-0.010429992957073,-0.5125985858463814
,,,,4.416232638888888,-0.0535423978886283,-0.0,-0.5349700789523091,-0.5331237048776649,-0.0108466796915496,-0.5373439778740872
,,,,4.427083333333333,-0.0559067672004368,-0.0,-0.5475567865283006,-0.5524365925576159,-0.0109919171457893,-0.5502569624803787
,,,,4.437934027777778,-0.0576131378259646,-0.0,-0.5816381855545665,-0.5724593449718667,-0.0115800277396861,-0.5738236934933333
,,,,4.448784722222222,-0.0601245996459748,-0.0,-0.6021881627593494,-0.5917397117643846,-0.0118271744448302,-0.6017148364095302
,,,,4.459635416666666,-0.0616488349637197,-0.0,-0.6157432740442309,-0.6143456380834889,-0.0123189317030583,-0.6146624610641093
,,,,4.470486111111111,-0.064104987085205,-0.0,-0.6350325645281862,-0.6294115082458532,-0.0125354971049399,-0.6407020037052026
,,,,4.481336805555555,-0.0663281846492128,-0.0,-0.6500852054222274,-0.6491235124195193,-0.0130855817360351,-0.6445314658144875
,,,,4.4921875,-0.0667993998208129,-0.0,-0.6731400847631388,-0.670172430257773,-0.0135638014089028,-0.6682194218983094
,,,,4.503038194444445,-0.0681109813390848,-0.0,-0.6926067866388739,-0.6887012493081784,-0.0139816333247588,-0.6901697470167524
,,,,4.513888888888888,-0.0704961683762184,-0.0,-0.7056917027223115,-0.7035319143771868,-0.0140923345497363,-0.6980566773733095
,,,,4.524739583333333,-0.073468230366077,-0.0,-0.7293633093361144,-0.7290447095628345,-0.0143494311865503,-0.7326826270730122
,,,,4.535590277777778,-0.0738840484509032,-0.0,-0.740175999658826,-0.7430058490175891,-0.0149805087374201,-0.7353618678816667
,,,,4.546440972222222,-0.0753353691874571,-0.0,-0.7591409819479458,-0.7499658632692137,-0.0150546750992298,-0.7641373653226772
,,,,4.557291666666666,-0.077051533178262,-0.0,-0.7800809285787972,-0.7730751373881182,-0.0157779909838335,-0.7768197088260211
,,,,4.568142361111111,-0.078515339801237,-0.0,-0.7966939899781373,-0.7850874900262,-0.0156608215782392,-0.78727332573662
,,,,4.578993055555555,-0.0798217321924442,-0.0,-0.8032412482746686,-0.8036587209232424,-0.0160791332344854,-0.8010633582236866
,,,,4.58984375,-0.0817314791404896,-0.0,-0.8165493893138549,-0.8130389803162495,-0.0164270688354461,-0.8219668130498345
,,,,4.600694444444445,-0.0840545583946617,-0.0,-0.834191682487308,-0.83496567520124,-0.0166160553156246,-0.8321116295677499
,,,,4.611545138888888,-0.0846010404810437,-0.0,-0.8494853463512495,-0.8363289728416053,-0.016999333211077,-0.8540193632579078
,,,,4.622395833333333,-0.0858305375250864,-0.0,-0.8605890819815293,-0.8486719962664605,-0.0172021239798403,-0.863181606199849
,,,,4.633246527777778,-0.0876523679281723,-0.0,-0.8747414514514261,-0.8660676068059491,-0.0173904002309447,-0.8679289778880979
,,,,4.644097222222222,-0.0874666848329825,-0.0,-0.882237096267633,-0.8873782363381257,-0.0176460408322679,-0.8868958050034899
,,,,4.654947916666666,-0.0900766107357283,-0.0,-0.8892751593505448,-0.8903842922298866,-0.0177595294593145,-0.8970132012844058
,,,,4.665798611111111,-0.0897545760478943,-0.0,-0.8978268742527545,-0.8951682781184183,-0.0181807150318779,-0.8956441980059046
,,,,4.676649305555555,-0.0917398544481437,-0.0,-0.9186276907067914,-0.9162719127466024,-0.0182145626800858,-0.92246527188308
,,,,4.6875,-0.0927686679078889,-0.0,-0.9342609340739042,-0.9162091592317873,-0.0183858086682934,-0.9240178642356645
,,,,4.698350694444445,-0.0937743360766379,-0.0,-0.94489310940453,-0.9332303265160364,-0.0188078989453815,-0.931477420668856
,,,,4.709201388888888,-0.0942424591664538,-0.0,-0.940657005831058,-0.940480560873361,-0.0187247930482794,-0.9443733114012324
,,,,4.720052083333333,-0.0944093554059067,-0.0,-0.9533328862416868,-0.9507548073089458,-0.0189697502554757,-0.9561315180244936
,,,,4.730902777777778,-0.0949837601301204,-0.0,-0.95686154422619,-0.9645892912516202,-0.01903850122953,-0.9515599096239188
,,,,4.741753472222222,-0.0960336931506154,-0.0,-0.9663291930799872,-0.960153048605325,-0.0193527170303469,-0.9608014036221122
,,,,4.752604166666666,-0.0963096544268482,-0.0,-0.966533502810942,-0.9724836398297616,-0.0193505302945424,-0.9679597088588312
,,,,4.763454861111111,-0.0964773057843579,-0.0,-0.9686804202507772,-0.979773346930498,-0.0197502997477909,-0.9732680600357152
,,,,4.774305555555555,-0.0987144575651677,-0.0,-0.9802725116083096,-0.977893685265186,-0.0195850746947755,-0.9801326393576107
,,,,4.78515625,-0.0979457910271023,-0.0,-0.9889541685784254,-0.988694920277566,-0.0197745500785179,-0.9862336740208972
,,,,4.796006944444445,-0.0990657691682642,-0.0,-0.9851559334580632,-0.9769306213312486,-0.0197241339758876,-0.9860791822365544
,,,,4.806857638888888,-0.0989326684396791,-0.0,-0.9811240861572113,-0.991542377612564,-0.0197325783307544,-0.9927618476236668
,,,,4.817708333333333,-0.0999795948157223,-0.0,-0.998938939962262,-0.9987195267662566,-0.0200369988721794,-0.9980040093016748
,,,,4.828559027777778,-0.0996894046506674,-0.0,-0.9957042227778607,-0.9976803828083608,-0.0197649326273261,-0.992049764847766
,,,,4.839409722222222,-0.0994824494575882,-0.0,-0.9989022371171024,-0.9964963293536432,-0.0197800811602208,-0.99058755577944
,,,,4.850260416666666,-0.100689669999643,-0.0,-0.9995716979642668,-0.9964196188906796,-0.0199057349158848,-1.0034565686481909
,,,,4.861111111111111,-0.0994562624909093,-0.0,-1.008413598599094,-1.0060508397722487,-0.0200935463640257,-1.002633570744741
,,,,4.871961805555555,-0.100809680164267,-0.0,-1.000575332934634,-0.9987112228353898,-0.0200038038203857,-0.9941019294774958
,,,,4.8828125,-0.1003661085754779,-0.0,-1.0035990219509467,-0.9968679130896364,-0.0200552948605789,-0.9950539404031996
,,,,4.893663194444445,-0.099679764329875,-0.0,-1.0010766505492208,-1.0014089667710968,-0.01981601435518,-0.985641717629868
,,,,4.904513888888888,-0.1007000210611737,-0.0,-0.9969466747918372,-0.998537179704274,-0.0198079185399684,-0.9934626212089054
,,,,4.915364583333333,-0.0997872378420674,-0.0,-0.986828079225488,-0.9972777387940296,-0.0200815178350074,-0.995893270861933
,,,,4.926215277777778,-0.0990126717982867,-0.0,-0.9938935233795444,-0.9886994840453848,-0.0198769684569595,-0.9913112407707392
,,,,4.937065972222222,-0.0991806740559017,-0.0,-0.985024890734044,-0.9976709355522376,-0.0197367624035368,-0.9824619138559282
,,,,4.947916666666666,-0.0974942749056653,-0.0,-0.9853083314613016,-0.9805848826973032,-0.0199635076495015,-0.9856316576908308
,,,,4.958767361111111,-0.0974682906560033,-0.0,-0.978468724439442,-0.9773323123484252,-0.0193731715020865,-0.9772345131922484
,,,,4.969618055555555,-0.0971119304284298,-0.0,-0.9697821088103477,-0.9751006753890468,-0.0194582198692406,-0.9724155069653192
,,,,4.98046875,-0.0959714997398023,-0.0,-0.9661215010789824,-0.9631045168431384,-0.0192913147924289,-0.9711080112924776
,,,,4.991319444444445,-0.0962869439732662,-0.0,-0.95498820588083,-0.94883885661168,-0.0192483868065202,-0.9505610707117834
,,,,5.002170138888888,-0.0942559405616814,-0.0,-0.9600401987148568,-0.9470392991868508,-0.0189971677115063,-0.9430246471214744
,,,,5.013020833333333,-0.0947312555264146,-0.0,-0.9386289837062732,-0.9311475960817416,-0.0188581438065302,-0.938415025675302
,,,,5.023871527777778,-0.0931645085415415,-0.0,-0.929990206135061,-0.9429650444403652,-0.0185086066185152,-0.9362102466405794
,,,,5.034722222222222,-0.0926851490028503,-0.0,-0.9106215020370346,-0.9157770429186668,-0.0184911079364167,-0.9262367702754768
,,,,5.045572916666666,-0.0923705207372534,-0.0,-0.9276145069364335,-0.9204636916169572,-0.018374546942393,-0.917836978178631
,,,,5.056423611111111,-0.0905886875806787,-0.0,-0.9028032469400744,-0.8970004131381297,-0.0182094643955509,-0.8999520445456851
,,,,5.067274305555555,-0.0898635134159418,-0.0,-0.8920634460943023,-0.889614161780845,-0.0178006194814981,-0.8821240591548094
,,,,5.078125,-0.0885264960805293,-0.0,-0.8768424388015164,-0.8800704526971288,-0.0175672291425069,-0.8857124729140506
,,,,5.088975694444445,-0.0872573916775288,-0.0,-0.8667025663635577,-0.8773418647768283,-0.0174467631198599,-0.8675013581557115
,,,,5.099826388888888,-0.0855808632750878,-0.0,-0.8567064389438052,-0.8533389624869548,-0.0171721518913632,-0.8572807100851275
,,,,5.110677083333333,-0.0844440630542511,-0.0,-0.8433326434656825,-0.8435819425315819,-0.0169202150983722,-0.841126856457814
,,,,5.121527777777778,-0.0833775296827756,-0.0,-0.8333607024728042,-0.8274279355440098,-0.0167259893264323,-0.8314568425440715
,,,,5.132378472222222,-0.0820940776850182,-0.0,-0.8210035694378099,-0.814173449503301,-0.016304878736998,-0.8177036764709773
,,,,5.143229166666666,-0.0804167598598055,-0.0,-0.7993800586376011,-0.7971487421428538,-0.0159457746174601,-0.8056000996336029
,,,,5.154079861111111,-0.0792757519051655,-0.0,-0.7903275175207717,-0.7822715940125979,-0.0159877725576624,-0.7962135450045483
,,,,5.164930555555555,-0.0778687382647422,-0.0,-0.7732483025719763,-0.7695435847509274,-0.015517825879606,-0.7609474681435883
,,,,5.17578125,-0.0757326243344258,-0.0,-0.7482784222897855,-0.7583545589276196,-0.015109871632821,-0.7545340287794888
,,,,5.186631944444445,-0.0747461245701286,-0.0,-0.7421424801920157,-0.7386410405995656,-0.0148361394903181,-0.7478711317103388
,,,,5.197482638888888,-0.072995440478329,-0.0,-0.7173623421978979,-0.7197938490297268,-0.0145625162044122,-0.7283394703747974
,,,,5.208333333333333,-0.0703702608983139,-0.0,-0.7174166827164253,-0.707774109933543,-0.014057250590107,-0.7162620367810387
,,,,5.219184027777778,-0.0674132532542943,-0.0,-0.6871863309468693,-0.685135939510035,-0.0136762684069851,-0.6914004205634928
,,,,5.230034722222222,-0.0665005473806927,-0.0,-0.674387555404362,-0.679368836747478,-0.0134914624126195,-0.672741130276853
,,,,5.240885416666666,-0.0648173280004064,-0.0,-0.65367042704341,-0.6515846241158528,-0.0130679840469969,-0.651847093220181
,,,,5.251736111111111,-0.0632169930334079,-0.0,-0.6360676242188434,-0.6389838052708684,-0.0126892419589995,-0.6215515478645688
,,,,5.262586805555555,-0.0619430799897571,-0.0,-0.6193244767487747,-0.6189115028195045,-0.0124175316642117,-0.6190318278863003
,,,,5.2734375,-0.0601428917086222,-0.0,-0.5921011303928704,-0.5961087896960406,-0.0119201501654226,-0.5895683555493263
,,,,5.284288194444445,-0.0578252855935027,-0.0,-0.5876286707009585,-0.5665455939667463,-0.0116575349522317,-0.5796839318133632
,,,,5.295138888888888,-0.0557029848153228,-0.0,-0.5565994830068418,-0.5568455187784614,-0.0110989802307437,-0.5617513571481854
,,,,5.305989583333333,-0.0543816459986207,-0.0,-0.538206366947154,-0.5389136901544924,-0.010610882466904,-0.525558149550806
,,,,5.316840277777778,-0.0515534709073667,-0.0,-0.5179024179840435,-0.5091403875094384,-0.0104436090173211,-0.5191581004970137
,,,,5.327690972222222,-0.0489459844053087,-0.0,-0.4887788445817021,-0.5029666128443104,-0.0098910512484464,-0.4965050381867767
,,,,5.338541666666666,-0.0485046512392263,-0.0,-0.4784294923896002,-0.4560513883124598,-0.009394415248632,-0.4655993354395258
,,,,5.349392361111111,-0.0451303685995617,-0.0,-0.4532588753729987,-0.4485668611718331,-0.0089775308825311,-0.4442831254273767
,,,,5.360243055555555,-0.043346228450435,-0.0,-0.427027458541173,-0.4243427681499999,-0.0085790923014209,-0.4245596307641603
,,,,5.37109375,-0.0403277546683832,-0.0,-0.4078794622963984,-0.4077062741522089,-0.0079312571930572,-0.4054387505026101
,,,,5.381944444444445,-0.0378729558990034,-0.0,-0.3840488233427483,-0.3910597304031489,-0.0077749441230236,-0.3721443287812579
,,,,5.392795138888888,-0.0354595276408457,-0.0,-0.3538544587580693,-0.3548391276832323,-0.0073875194386649,-0.3564431529967051
,,,,5.403645833333333,-0.0339296679461682,-0.0,-0.336512812434785,-0.3457808497763984,-0.0066479739106774,-0.3365295364206593
,,,,5.414496527777778,-0.0308643387428034,-0.0,-0.3224831308879514,-0.3097422848555492,-0.006184098326415,-0.308617692269875
,,,,5.425347222222222,-0.0297685162535565,-0.0,-0.2863320097263608,-0.2903879254897319,-0.0058989469126569,-0.2942814930511246
,,,,5.436197916666666,-0.0270176515345971,-0.0,-0.2667408516199312,-0.2571861688042542,-0.0052720306669598,-0.2616278163379853
,,,,5.447048611111111,-0.0240575847031437,-0.0,-0.2524162742129575,-0.2388008548685814,-0.0047734820696433,-0.2325638805794913
,,,,5.457899305555555,-0.0207121750796571,-0.0,-0.2242063873748454,-0.2298990360378577,-0.0043880214758439,-0.2168932948150111
,,,,5.46875,-0.0198573793205106,-0.0,-0.1971114393480547,-0.1942180775392069,-0.0038128377434806,-0.2014206600361346
,,,,5.479600694444445,-0.0173856351751874,-0.0,-0.1781073358135304,-0.1590502708036395,-0.0034901153479943,-0.1670918719164024
,,,,5.490451388888888,-0.015215280420329,-0.0,-0.1436664633659861,-0.1511092189158133,-0.0028649151883734,-0.1462377111933303
,,,,5.501302083333333,-0.0129431047022091,-0.0,-0.1180168593529263,-0.1234588208576695,-0.0022715251793213,-0.1165649643172593
,,,,5.512152777777778,-0.0100133770726727,-0.0,-0.1011092630053115,-0.0951610536320078,-0.0019636478075744,-0.1039375053168536
,,,,5.523003472222222,-0.0074667803349609,-0.0,-0.0727489931920546,-0.0765833864816192,-0.0014845082207369,-0.073359297988283
,,,,5.533854166666666,-0.0046002291367297,-0.0,-0.0528142471708377,-0.0505985550971181,-0.0011716808069508,-0.0557681798802142
,,,,5.544704861111111,-0.0037769708232911,-0.0,-0.0233348311656359,-0.031600798367889,-0.0003518040699725,-0.0308411791423293
,,,,5.555555555555555,-2.0776202888349197e-05,0.0,0.0054062448041558,-0.0094525899532672,1.4908751811804963e-05,-0.0103283487991184
,,,,5.56640625,0.0028960351625627,0.0,0.016823173169168,0.0285213523784911,0.0004684421267649,0.0214944214180539
,,,,5.577256944444445,0.0050190578330277,0.0,0.0485796943476983,0.0454438737493773,0.0008587711327084,0.0470449247347543
,,,,5.588107638888888,0.007497958907889,0.0,0.0759268868061865,0.0654970177014566,0.0014005166683436,0.070067854630271
,,,,5.598958333333333,0.0095878229448511,0.0,0.094907421269567,0.1001133842872019,0.0022048860050474,0.0894543843515769
,,,,5.609809027777778,0.0119465156299074,0.0,0.1181096966832277,0.1194749728583765,0.0024969165901566,0.118623006096498
,,,,5.620659722222222,0.0148244966212229,0.0,0.1500590156470575,0.1449591876378246,0.0029601908134586,0.1528367256469284
,,,,5.631510416666666,0.0166124980017092,0.0,0.1696093418510262,0.177649307276002,0.0032373920646271,0.1684922190368386
,,,,5.642361111111111,0.0194297350730316,0.0,0.194713813159108,0.1934367062356474,0.0039867133614618,0.1967530183465246
,,,,5.653211805555555,0.0213842007953941,0.0,0.2171920353214119,0.2204072970038914,0.0044998217137818,0.2134887417414072
,,,,5.6640625,0.0240062272236535,0.0,0.2500391940606423,0.2433218833329461,0.0049019509190544,0.2460765005705927
,,,,5.674913194444445,0.02632355408548,0.0,0.2676231590538773,0.2709405989426506,0.0052100194126339,0.2621166592475196
,,,,5.685763888888888,0.0289091992836929,0.0,0.283309302965074,0.2942050978734478,0.0058309693563478,0.2854773569210492
,,,,5.696614583333333,0.0311007888564606,0.0,0.3213160332539905,0.3094077140224509,0.0064176513166109,0.3195630780172235
,,,,5.707465277777778,0.0346726235839629,0.0,0.3372093237491247,0.3405937999286086,0.0067120763254066,0.3300121568017616
,,,,5.718315972222222,0.0360799867838265,0.0,0.3531360608861401,0.3625116655390739,0.0070813338918495,0.3599805246669166
,,,,5.729166666666666,0.0379694083575959,0.0,0.3773857947085142,0.3820125376857944,0.0076445314035928,0.3791009498469718
,,,,5.740017361111111,0.0401371604544596,0.0,0.4066164053681269,0.4095207471889242,0.0082124818456135,0.4072575603859234
,,,,5.750868055555555,0.0424404849052291,0.0,0.4305664882436923,0.4230137247472782,0.0083868051040679,0.4278629115750783
,,,,5.76171875,0.0448495492500183,0.0,0.443172429998542,0.4627572660312222,0.0090049220177655,0.4413274169731507
,,,,5.772569444444445,0.0479588714006098,0.0,0.472679515168178,0.4761880573095517,0.0093444519793556,0.471297789053888
,,,,5.783420138888888,0.050162201143475,0.0,0.4999612868419114,0.4882641152202696,0.0098040386264019,0.4916925882711456
,,,,5.794270833333333,0.0516901017148541,0.0,0.5112986780279756,0.5098396696800915,0.0103100935801392,0.5226985766467822
,,,,5.805121527777778,0.0534069509121543,0.0,0.5361647967386192,0.5332920405219186,0.0106668631069547,0.5369027831348738
,,,,5.815972222222222,0.0552443218584822,0.0,0.5585354370500908,0.5567848079024248,0.01096459231117,0.5522924141802196
,,,,5.826822916666666,0.0578959251848388,0.0,0.5833096678067887,0.5739302464646309,0.0114718469216292,0.5718082462066943
,,,,5.837673611111111,0.0590612042053761,0.0,0.5911097277324439,0.5933202429300949,0.0118985173648269,0.6031163708302012
,,,,5.848524305555555,0.0621476984390354,0.0,0.6180376227960291,0.6123603006009882,0.0123624502654344,0.617065515775912
,,,,5.859375,0.0636505388145149,0.0,0.6270679753904936,0.6233291837676096,0.0125905161012282,0.633426386215994
,,,,5.870225694444445,0.0654392087625041,0.0,0.6574080199763058,0.6585924484100205,0.0129892222222751,0.6448407069759791
,,,,5.881076388888888,0.0677628071382478,0.0,0.6682840502913551,0.6728007710937549,0.0133900875348388,0.6735956348708618
,,,,5.891927083333333,0.0699857081255126,0.0,0.6792624892887056,0.6947497807747277,0.0137587689969702,0.6895997702870302
,,,,5.902777777777778,0.0709214317520657,0.0,0.7045542758295413,0.7069642916444104,0.0142212630934789,0.7079442883126885
,,,,5.913628472222222,0.0728101844673782,0.0,0.7291144991770737,0.723249716023598,0.0145992428538194,0.721442690364949
,,,,5.924479166666666,0.0746146537754042,0.0,0.7444434063489835,0.7413830660024511,0.0147394042347435,0.7367428807177128
,,,,5.935329861111111,0.0756574720019477,0.0,0.7582041630332795,0.7500216057308884,0.0152209787660458,0.7581316502654553
,,,,5.946180555555555,0.0781682441184381,0.0,0.7836597442683515,0.7768825744799001,0.0153743375906321,0.780395659720846
,,,,5.95703125,0.0796559650147103,0.0,0.7903862559192316,0.7940136068838521,0.0156995373570411,0.7910988808611841
,,,,5.967881944444445,0.0799272054921045,0.0,0.8128651947254366,0.8085921371162946,0.0160295120455187,0.81021243355389
,,,,5.978732638888888,0.0822512971658249,0.0,0.8234939585704423,0.8207137425417469,0.0165331428286816,0.8179932956688506
,,,,5.989583333333333,0.0823389827024526,0.0,0.8371777540313036,0.837272482233352,0.016599481440017,0.8246553423592793
,,,,6.000434027777778,0.0838742499273515,0.0,0.8358777326771336,0.846409618030273,0.0167941883538413,0.8517519798247818
,,,,6.011284722222222,0.0861139566621232,0.0,0.853138684440673,0.8568744614317301,0.0169863865923969,0.8557988415874827
,,,,6.022135416666666,0.0866517975429424,0.0,0.8657408863914716,0.8706035882258757,0.0173763118894667,0.8739752340447827
,,,,6.032986111111111,0.0888889151777987,0.0,0.8844385234490565,0.8837648933083831,0.0177568642979842,0.881653093960688
,,,,6.043836805555555,0.0906211724436823,0.0,0.885632731783706,0.8952543689629576,0.0178865792634937,0.8868507930568303
,,,,6.0546875,0.0911081211546083,0.0,0.908196894304524,0.9026165441362288,0.0180764190731447,0.9021792596751108
,,,,6.065538194444445,0.0914983129053854,0.0,0.9172140719117948,0.9150585022566315,0.0181751930560102,0.9243012896528804
,,,,6.076388888888888,0.0926987606161199,0.0,0.923870595346885,0.9305114534557128,0.0183815412809377,0.9295159549472084
,,,,6.087239583333333,0.092943730825262,0.0,0.9295379689045948,0.932645142250049,0.0186825566281946,0.9410120829757234
,,,,6.098090277777778,0.0937626904053412,0.0,0.9402327619903124,0.945654636632299,0.0188497218692306,0.9466371932396148
,,,,6.108940972222222,0.0949025040486402,0.0,0.9534869113583034,0.946891977266043,0.0189866796394363,0.9532033786698418
,,,,6.119791666666666,0.094609778624793,0.0,0.9494313182265108,0.9494046950814976,0.0192383603608906,0.948679048379875
,,,,6.130642361111111,0.0969701872439147,0.0,0.9617120119199716,0.9641457970770916,0.019167233435346,0.9619012177520692
,,,,6.141493055555555,0.0980198556452234,0.0,0.9653809694140986,0.9687739833588676,0.019357939056991,0.974079773865734
,,,,6.15234375,0.0977961794314227,0.0,0.9684059091694904,0.971802466955632,0.0195175295876373,0.9756215068522625
,,,,6.163194444444445,0.0985706732574449,0.0,0.9714401376309356,0.976157161739556,0.0195729953526173,0.9795432021421646
,,,,6.174045138888888,0.0974367237011394,0.0,0.9880272512406332,0.9863176973302912,0.0196635004325397,0.983658471537294
,,,,6.184895833333333,0.0994589584624018,0.0,0.9926024006292238,0.995619967329521,0.0196786078111685,0.991214201482606
,,,,6.195746527777778,0.0984804757880207,0.0,0.995285744568024,0.9985104932350392,0.0197892749857162,0.9950267416239584
,,,,6.206597222222222,0.0998473694349508,0.0,0.9984143295549526,0.9920110167533476,0.0200453385774308,0.9948340167098346
,,,,6.217447916666666,0.1004574928527416,0.0,0.9979799884962668,0.994251492145612,0.0200109014776671,1.0033367237557589
,,,,6.228298611111111,0.0995836157792715,0.0,0.9988223000354932,1.002630140702904,0.019823852766093,0.9923341690949048
,,,,6.239149305555555,0.0997125571555522,0.0,1.0000794853628308,0.993907913286682,0.0199631917972137,1.003329593718682
,,,,6.25,0.1008412384065871,0.0,1.0056591919696918,1.0032779349725105,0.0199400912211054,0.0595859584847741
,,,,6.260850694444445,0.099462080764362,0.0,1.0023613951190375,0.9948339685937324,0.0199239450957852,0.0598615621487478
,,,,6.271701388888888,0.0993529605495095,0.0,0.9940691991067142,1.000487890605834,0.0199367396572595,0.0603119648522794
,,,,6.282552083333333,0.0996650083578613,0.0,0.9928899189418288,0.9890949695163264,0.0198609134437114,0.0596227140800835
,,,,6.293402777777778,0.100715694874828,0.0,0.9940392569177476,0.9918798279366852,0.0198641452459659,0.0594909069434275
,,,,6.304253472222222,0.0986483303381031,0.0,0.9910408361374689,0.9944260913048564,0.0198683676009235,0.0590634212313975
,,,,6.315104166666666,0.0985831310466251,0.0,0.9835296716192676,0.9827145252783956,0.0197789583732397,0.0598363664191065
,,,,6.325954861111111,0.0979973198065684,0.0,0.9856840302533036,0.974138622789308,0.0196598420748578,0.058494540562084
,,,,6.336805555555555,0.0969431927272971,0.0,0.9789208482346432,0.9830370148911936,0.0196406163545325,0.0588902676383704
,,,,6.34765625,0.0975461497980828,0.0,0.9820507065123996,0.965729726411652,0.01980965076242,0.0586964381673506
,,,,6.358506944444445,0.0975466810032362,0.0,0.9728177723696448,0.965222191568033,0.0193254312737571,0.0578668723825184
,,,,6.369357638888888,0.0971606439288251,0.0,0.963404303269898,0.9618434277419332,0.0192413210665699,0.0583701728757969
,,,,6.380208333333333,0.0958309401509691,0.0,0.9616314365597918,0.9697714615649652,0.0191952137258154,0.0575073221098619
,,,,6.391059027777778,0.0947701437970426,0.0,0.9550566006075174,0.9562031029602204,0.0191242343591242,0.0570571557036636
,,,,6.401909722222222,0.0938613323752804,0.0,0.935892287177682,0.9429370530409156,0.0189280445865786,0.0565598864169473
,,,,6.412760416666666,0.0934998125736369,0.0,0.9355623467092852,0.9392123336877004,0.0187674901565476,0.0556737872089866
,,,,6.423611111111111,0.0924554386323728,0.0,0.9253552284922952,0.9182083750170884,0.0183218859997949,0.0550308372722732
,,,,6.434461805555555,0.0907824947812325,0.0,0.9060971388047112,0.9084472783361632,0.0183869350096318,0.0544164278079796
,,,,6.4453125,0.0903209403994515,0.0,0.906991717170374,0.9098569095461498,0.018070057571985,0.0544861161169682
,,,,6.456163194444445,0.0890277610059018,0.0,0.8843629734025659,0.8931774178025949,0.01774120347287,0.053370938813023
,,,,6.467013888888888,0.0874591906734578,0.0,0.884176764342404,0.8872983568078215,0.0177175052358174,0.0529412900906316
,,,,6.477864583333333,0.0865167800562356,0.0,0.8744817989268321,0.8688164890340658,0.0173704916852764,0.0518748092416994
,,,,6.488715277777778,0.0855945351022551,0.0,0.8590873936601585,0.8520751912688079,0.0170409218509347,0.051661901892443
,,,,6.499565972222222,0.0849989443189285,0.0,0.8442961846667528,0.8347414650914441,0.0168423324031455,0.050594157008935
,,,,6.510416666666666,0.0842754593141254,0.0,0.8297041511778427,0.8289829135695417,0.0165990054737148,0.0495922387811139
,,,,6.521267361111111,0.0813594714349214,0.0,0.8219322852078351,0.8186120470900928,0.0164151283593801,0.0490426418076301
,,,,6.532118055555555,0.0806195959554457,0.0,0.8083481199683853,0.802961640194733,0.0161179146920372,0.0483133840624219
,,,,6.54296875,0.0787109400325427,0.0,0.7994429195614098,0.7853388857286185,0.0158104859437923,0.0473080371740523
,,,,6.553819444444445,0.0773123393134316,0.0,0.7820640600816907,0.778035668117165,0.0153569145686973,0.0465382262758943
,,,,6.564670138888888,0.0757685334150412,0.0,0.7584038285586626,0.747925544609535,0.0150697192333804,0.0463677100269358
,,,,6.575520833333333,0.0744330213605043,0.0,0.745661274610429,0.7401239380360864,0.0148237266384859,0.0442052887793855
,,,,6.586371527777778,0.0720868102572738,0.0,0.7241234472073242,0.7244101383731789,0.0144785724884993,0.0438527786513769
,,,,6.597222222222222,0.0698105942905821,0.0,0.7002883697405755,0.7066597276368792,0.0140568542681666,0.042851598023946
,,,,6.608072916666666,0.0694422404563047,0.0,0.6913335100837681,0.6936349570374554,0.0138581153895857,0.0415662999146135
,,,,6.618923611111111,0.0669767098494196,0.0,0.6697755719122731,0.6759689766441441,0.0132916571422895,0.0408542429819981
,,,,6.629774305555555,0.0645091028547119,0.0,0.6468479197602881,0.6601021161730553,0.0131310461576239,0.0391547770627448
,,,,6.640625,0.062876745242726,0.0,0.628324575345925,0.6379420299496658,0.0128084675400499,0.0380433425825428
,,,,6.651475694444445,0.0612108866109662,0.0,0.6155859382768676,0.6202114110149575,0.0122325433857632,0.0373666626677802
,,,,6.662326388888888,0.0601477609425031,0.0,0.5959338425232475,0.6030349894636811,0.0119450161345058,0.0354366117611537
,,,,6.673177083333333,0.0579003820215682,0.0,0.5881072398516682,0.5749659722511846,0.0115769037744861,0.035341104655546
,,,,6.684027777777778,0.0563553172766606,0.0,0.5518285971354143,0.5504059257611107,0.0111559852188098,0.0330106286020851
,,,,6.694878472222222,0.053366901014961,0.0,0.5317856041289329,0.5336772665301256,0.0106461925562637,0.0318366960426646
,,,,6.705729166666666,0.0512302396928899,0.0,0.5219605310170912,0.5075037872118104,0.0102282523702356,0.0307627762002468
,,,,6.716579861111111,0.0494831741976295,0.0,0.4942488345468317,0.4903891162477243,0.0100408372424113,0.0294479898611257
,,,,6.727430555555555,0.048123736537946,0.0,0.4746027249938085,0.4660910385977198,0.009494358909998,0.0283014370270891
,,,,6.73828125,0.0445302436629414,0.0,0.4456020990330079,0.4493104670444761,0.0089326013216879,0.0269210027487624
,,,,6.749131944444445,0.0422271951034482,0.0,0.4372296906461209,0.4352303820883241,0.0084460218935875,0.0251960915916273
,,,,6.759982638888888,0.0405764649430488,0.0,0.4054258962554766,0.4124228450559924,0.0080745182807225,0.0239610701342758
,,,,6.770833333333333,0.0378878625472256,0.0,0.3860864614715644,0.3761440867288616,0.0077740782781287,0.0231207126246603
,,,,6.781684027777778,0.0364988617606449,0.0,0.370444023979662,0.3604399550751169,0.0071395706345379,0.0220416818427687
,,,,6.792534722222222,0.0332596182599207,0.0,0.3347187878276868,0.3278028155294334,0.006689618085722,0.0201382273756853
,,,,6.803385416666666,0.031292431439268,0.0,0.3089600947618862,0.3110815613624818,0.0062513138297951,0.0191835503659627
,,,,6.814236111111111,0.0295069560838637,0.0,0.297139324163697,0.2850579943859512,0.0058192330188259,0.017429922985673
,,,,6.825086805555555,0.0261563191020685,0.0,0.2719096425256223,0.2557334672060596,0.0052049688716363,0.0160630365409076
,,,,6.8359375,0.0240003482170519,0.0,0.2383482972368395,0.2429866205281524,0.0051071078052073,0.0148337949235853
,,,,6.846788194444445,0.022049097953198,0.0,0.2193501521615659,0.2142514664681841,0.0045138539937707,0.012914107338506
,,,,6.857638888888888,0.0191093616702428,0.0,0.1916808938759817,0.1936380174232222,0.0038674751925253,0.0118801117959906
,,,,6.868489583333333,0.0179469430911031,0.0,0.1679469388114283,0.1757402824317477,0.0035838085877139,0.009830317321299
,,,,6.879340277777778,0.0152980606369207,0.0,0.1454607730169062,0.1516274416490057,0.0030320503306675,0.0090117685348558
,,,,6.890190972222222,0.0129592956709493,0.0,0.1277011615772666,0.1258947323612343,0.0024394801219259,0.0075391549995624
,,,,6.901041666666666,0.0103072586442108,0.0,0.098017183127412,0.0912150083431218,0.0019692875505261,0.0055619797401267
,,,,6.911892361111111,0.0071619529716892,0.0,0.0702647225589566,0.0792477923567758,0.0014814042559816,0.0045810912938297
,,,,6.922743055555555,0.005082224904235,0.0,0.0468277416295493,0.0471238413603407,0.0009040588091538,0.0026697986604585
,,,,6.93359375,0.002124750896892,0.0,0.0250854519640693,0.0233378783542734,0.0004438786979637,0.0010728189210296
,,,,6.944444444444445,0.0004107580704752,0.0,0.0049936864939913,0.0109532609035002,0.0001059258222376,-1.848845489482726e-05
,,,,6.955295138888888,-0.0022906530697382,-0.0,-0.0367316696183422,-0.029974824180617,-0.0005427688350835,-0.0011740601765429
,,,,6.966145833333333,-0.0041962881609174,-0.0,-0.0537857207717917,-0.0508496756655109,-0.0007726996142326,-0.0023455291425157
,,,,6.976996527777778,-0.0072231826255032,-0.0,-0.0757059847811106,-0.0751926372870039,-0.0015872910999807,-0.0044410363597612
,,,,6.987847222222222,-0.0093708969993112,-0.0,-0.1038095886809283,-0.0863982030757193,-0.0018285289282264,-0.0062990618599542
,,,,6.998697916666666,-0.0126387226622249,-0.0,-0.1270785919315799,-0.1206868706712416,-0.0023889953459565,-0.0076731089242262
,,,,7.009548611111111,-0.0139310753631228,-0.0,-0.1359297214037879,-0.1529976778664716,-0.0029709307456051,-0.0085587979422506
,,,,7.020399305555555,-0.0157932213535804,-0.0,-0.1703227699886457,-0.16621316530295,-0.0034565354855077,-0.0100984600622343
,,,,7.03125,-0.0197368968222392,-0.0,-0.1939872515992127,-0.1888475190554818,-0.0041289035566843,-0.011659780098733
,,,,7.042100694444444,-0.0219574451041798,-0.0,-0.2246219599170857,-0.2201506505119912,-0.0043718013000371,-0.0125921493909711
,,,,7.052951388888888,-0.024014148277998,-0.0,-0.2325431469190974,-0.2390860276497846,-0.0048245660028654,-0.0150413738387636
,,,,7.063802083333333,-0.026105003160399,-0.0,-0.2666713531498212,-0.2705896285061051,-0.0052957439387636,-0.0162598971780862
,,,,7.074652777777778,-0.0289263475088637,-0.0,-0.2885078372756544,-0.2989522131927618,-0.0059177265856625,-0.01730760406007
,,,,7.085503472222222,-0.0312648422515115,-0.0,-0.3118868585528849,-0.3147363660664974,-0.0066035693019504,-0.0189427671870089
,,,,7.096354166666666,-0.034220847412107,-0.0,-0.3358984128940796,-0.3353919936982016,-0.0066954128869236,-0.0200715281140003
,,,,7.107204861111111,-0.0361465069638074,-0.0,-0.3509099018790333,-0.3561737937183288,-0.007110744287664,-0.0214249838704325
,,,,7.118055555555555,-0.0374233003781505,-0.0,-0.3833824155022828,-0.3832538422416484,-0.0076495965594046,-0.0232201539439367
,,,,7.12890625,-0.0403617110082225,-0.0,-0.4031801484001642,-0.4042271646357368,-0.0080693008186437,-0.0244360738982894
,,,,7.139756944444444,-0.0429969436987295,-0.0,-0.439015066946252,-0.4254976814452476,-0.008534893224893,-0.0257342882476247
,,,,7.150607638888888,-0.0457757176072997,-0.0,-0.4549088873767358,-0.4485493271126116,-0.0090702377247522,-0.0266833472556974
,,,,7.161458333333333,-0.047053637161915,-0.0,-0.4739207117134391,-0.4695033830284749,-0.0094521277076932,-0.0288411641068698
,,,,7.172309027777778,-0.0499375790093998,-0.0,-0.4905883733118146,-0.4985307247458833,-0.0098903546622382,-0.0291391860283605
,,,,7.183159722222222,-0.0512480570321322,-0.0,-0.51358919709232,-0.5176966926761797,-0.0101778833791802,-0.0307672249312479
,,,,7.194010416666666,-0.0536266016106198,-0.0,-0.5479198361381097,-0.5380604991042469,-0.0105846025513359,-0.0318651885054567
,,,,7.204861111111111,-0.0557326698987453,-0.0,-0.5629883556240569,-0.5631080879615293,-0.0112202365654601,-0.0332410101102749
,,,,7.215711805555555,-0.0575101407734979,-0.0,-0.5844527635115344,-0.5846231536481385,-0.0116000637335586,-0.0348488731245114
,,,,7.2265625,-0.0590894377415711,-0.0,-0.5928936487264784,-0.5930270021379196,-0.0119557974784107,-0.035457762706028
,,,,7.237413194444444,-0.0613607902112262,-0.0,-0.6167812805910553,-0.6248365919958461,-0.0122332274718434,-0.0365450219275836
,,,,7.248263888888888,-0.0641629466521316,-0.0,-0.6387731194594888,-0.6348906648864477,-0.0126431917987744,-0.0377689359072387
,,,,7.259114583333333,-0.0650362132289818,-0.0,-0.6539075877538704,-0.6516754845128732,-0.0130429106175964,-0.0390898286038165
,,,,7.269965277777778,-0.0678889482610244,-0.0,-0.6769100070786583,-0.6672343667509302,-0.0135843155409981,-0.0407887162630229
,,,,7.280815972222222,-0.0692937746768603,-0.0,-0.6857541486521234,-0.6967449336918506,-0.0138810361986594,-0.0413181636405966
,,,,7.291666666666666,-0.0702201422286468,-0.0,-0.7090820617365595,-0.7162380735776606,-0.0139573452755321,-0.0422077765993975
,,,,7.302517361111111,-0.0729152646138581,-0.0,-0.7278543327702114,-0.7213612599081627,-0.0147335572877125,-0.0433535314717464
,,,,7.313368055555555,-0.0743552933468135,-0.0,-0.7422437103186853,-0.7368400842793501,-0.014964372460487,-0.0444820191264315
,,,,7.32421875,-0.075941082899826,-0.0,-0.7663265529644976,-0.7625357455696382,-0.0150708431153075,-0.0450517351953882
,,,,7.335069444444444,-0.077817251278318,-0.0,-0.7750451772707218,-0.7768025924471645,-0.01554636445108,-0.0460317643378591
,,,,7.345920138888888,-0.0787383457235687,-0.0,-0.7919509559767323,-0.7949931413755087,-0.0156778738189659,-0.0471537226384625
,,,,7.356770833333333,-0.0812329265777985,-0.0,-0.8146598468285566,-0.8012222511659908,-0.0160832989228779,-0.0480739681833416
,,,,7.367621527777778,-0.0819015311999026,-0.0,-0.8157856916782439,-0.8145872224102398,-0.0164341284683519,-0.0487259245924854
,,,,7.378472222222222,-0.0834738772114524,-0.0,-0.825862448093434,-0.8378462176825714,-0.0166608838517302,-0.0500826826088304
,,,,7.389322916666666,-0.0838391355720467,-0.0,-0.8487407915250486,-0.8418543201339876,-0.0169421617526185,-0.0505136727768059
,,,,7.400173611111111,-0.0862110437832094,-0.0,-0.8679718987586826,-0.8575949685197612,-0.0173389508838835,-0.051492523468233
,,,,7.411024305555555,-0.0871123054757209,-0.0,-0.8633195873425318,-0.8624505993604371,-0.0172884999016997,-0.0522297024820375
,,,,7.421875,-0.0880752414592594,-0.0,-0.8832697791544257,-0.8897403373333505,-0.0177249275606391,-0.052878763982919
,,,,7.432725694444444,-0.0898448245109593,-0.0,-0.8881460366401098,-0.8967743625828143,-0.0178574681439556,-0.0527602492160427
,,,,7.443576388888888,-0.0903381064619766,-0.0,-0.8941332570069623,-0.9041320112841597,-0.0182100900959011,-0.0545542010012701
,,,,7.454427083333333,-0.0921445662094531,-0.0,-0.9096920347432028,-0.9176073517214712,-0.0183322520699521,-0.0544528445041104
,,,,7.465277777777778,-0.0923645931703668,-0.0,-0.923656505697783,-0.928201424136598,-0.0184171766264391,-0.0553867421622797
,,,,7.476128472222222,-0.0935080066039815,-0.0,-0.9316183039910836,-0.925506772425988,-0.0186080116738135,-0.0560016132774285
,,,,7.486979166666666,-0.0945179993915754,-0.0,-0.9370716908676312,-0.9308866793363336,-0.0188711419549932,-0.0566990023302063
,,,,7.497829861111111,-0.0949477340979552,-0.0,-0.94499460792763,-0.9458576501566518,-0.0189762247788672,-0.0573633026310408
,,,,7.508680555555555,-0.0955670455285853,-0.0,-0.9633623797724076,-0.9621612493375282,-0.0192362931305412,-0.0576064453587876
,,,,7.51953125,-0.095685556536497,-0.0,-0.9709840407083512,-0.9660336351940828,-0.0194562922443041,-0.0586629848952574
,,,,7.530381944444444,-0.0970298140068321,-0.0,-0.9657841465813706,-0.9674084582533072,-0.0194624094376587,-0.0579972482387417
,,,,7.541232638888888,-0.0973296865231733,-0.0,-0.9723032092392708,-0.9729761996769516,-0.019537382491777,-0.0586266648937162
,,,,7.552083333333333,-0.0988176551613611,-0.0,-0.9825638612692822,-0.9827038363717032,-0.0196489681252949,-0.0590395060858465
,,,,7.562934027777778,-0.0985700984670529,-0.0,-0.985678860066316,-0.988613193564924,-0.0197550676876511,-0.0596546382189708
,,,,7.573784722222222,-0.0996610017393283,-0.0,-0.9867982235828416,-0.9802828738026308,-0.0197587857768916,-0.059936474913613
,,,,7.584635416666666,-0.1002807989821133,-0.0,-0.9882060288703438,-0.9981719309567026,-0.0199737288868232,-0.0600149953995697
,,,,7.595486111111111,-0.0994124475367761,-0.0,-0.9974106172523448,-1.00068313346298,-0.0197426979986867,-0.059552788577578
,,,,7.606336805555555,-0.0990353296973179,-0.0,-0.0596465962894445,-0.9966343765872656,-0.0197544203858028,-0.0604684753212268
,,,,7.6171875,-0.0998220143938486,-0.0,-0.0597371365867014,-1.0083523241302736,-0.0199645785753112,-0.0601415440205087
,,,,7.628038194444444,-0.1003419298238988,-0.0,-0.0598683184962264,-0.994959253031721,-0.0199663620216052,-0.0599416453174479
,,,,7.638888888888888,-0.099627733917207,-0.0,-0.059504416552096,-1.0002463606195149,-0.0198864790187225,-0.0599861618248319
,,,,7.649739583333333,-0.0998208845818667,-0.0,-0.0599393101755881,-1.0045521077658262,-0.0199451471945005,-0.0598249660324232
,,,,7.660590277777778,-0.0996942628183308,-0.0,-0.0601803208603854,-0.995263831712059,-0.019966659319888,-0.0592567576356047
,,,,7.671440972222222,-0.0997033185320917,-0.0,-0.0603724371857175,-0.9996746461980656,-0.0198014129636967,-0.0602200888694387
,,,,7.682291666666666,-0.0994158174260633,-0.0,-0.0600111783064146,-0.999112886780834,-0.0199070011119735,-0.059708452792032
,,,,7.693142361111111,-0.0995207520729368,-0.0,-0.0603814721706001,-0.9902349007348896,-0.0199245021957074,-0.059911080473232
,,,,7.703993055555555,-0.0988799033642725,-0.0,-0.0593888867643484,-0.9882330925465102,-0.0198490293718325,-0.0588549927583444
,,,,7.71484375,-0.097754022725587,-0.0,-0.0588553533183328,-0.9840823918337108,-0.0196921028608852,-0.0595359997391679
,,,,7.725694444444444,-0.0986655492519773,-0.0,-0.0588862060009845,-0.9839630053448356,-0.0197246263936106,-0.0589891122277369
,,,,7.736545138888888,-0.0972159836621793,-0.0,-0.0583617121398145,-0.9657824074884994,-0.0194797742704706,-0.0582363557700258
,,,,7.747395833333333,-0.0976861851888163,-0.0,-0.057902179999888,-0.9635393106531182,-0.0194802731606561,-0.057861713336313
,,,,7.758246527777778,-0.0960671932783049,-0.0,-0.0581739322877206,-0.962372452241068,-0.0192935976245955,-0.058165925432067
,,,,7.769097222222222,-0.0949792256626233,-0.0,-0.0571984544663334,-0.955339593027451,-0.0192866274441884,-0.0576123927641775
,,,,7.779947916666666,-0.0947451555721398,-0.0,-0.0570399487081168,-0.9507147859017758,-0.0190886314209475,-0.0569718144959901
,,,,7.790798611111111,-0.0937072153782597,-0.0,-0.0568045478052425,-0.944641120122111,-0.0188863052476927,-0.0562028572498381
,,,,7.801649305555555,-0.09370530024163,-0.0,-0.0563323901502959,-0.9264466126240238,-0.0188162059851185,-0.0557966191517221
,,,,7.8125,-0.0924264143203485,-0.0,-0.0553371753478144,-0.9257118700510362,-0.0184515145189266,-0.0554971945422947
,,,,7.823350694444444,-0.0911899226845064,-0.0,-0.054876121355477,-0.9095405712176284,-0.0181274212912591,-0.0545916500215594
,,,,7.834201388888888,-0.0904557664336168,-0.0,-0.0546711144637708,-0.9068558995391016,-0.0181143781611439,-0.0545280373585656
,,,,7.845052083333333,-0.0888599736555009,-0.0,-0.0532042738995144,-0.8937650383808197,-0.0178811256674514,-0.0538233133187768
,,,,7.855902777777778,-0.0886335718131298,-0.0,-0.0529917886497021,-0.8794519076887135,-0.0177244527085684,-0.0533391895047093
,,,,7.866753472222222,-0.0871614500378604,-0.0,-0.051798331485981,-0.870430134668047,-0.0174849549678475,-0.0519980916201627
,,,,7.877604166666666,-0.0852336447253988,-0.0,-0.051322214275664,-0.8554356195419478,-0.017008697182771,-0.0510335947361951
,,,,7.888454861111111,-0.0839314590030378,-0.0,-0.0503135864546087,-0.8375788308758209,-0.0168624751833645,-0.0505505804037714
,,,,7.899305555555555,-0.0828389619002532,-0.0,-0.0502009183295046,-0.8255818699790252,-0.0164912180069408,-0.0492464670160633
,,,,7.91015625,-0.0809091130222347,-0.0,-0.0490053631044254,-0.8148552810624892,-0.0165476152281633,-0.0492946630960044
,,,,7.921006944444444,-0.0804529606402501,-0.0,-0.048126424443302,-0.7941176055612706,-0.0161107938758346,-0.0486336579043544
,,,,7.931857638888888,-0.0777464529886373,-0.0,-0.0469578084390334,-0.786736827320101,-0.0157226501384976,-0.0473044480671446
,,,,7.942708333333333,-0.0764692460133093,-0.0,-0.046592382412762,-0.7714304598400418,-0.0153334500243448,-0.0465702403037882
,,,,7.953559027777778,-0.0755990130130004,-0.0,-0.0454387323992059,-0.7535584818092506,-0.015041962127296,-0.0452992996731022
,,,,7.964409722222222,-0.073257745603849,-0.0,-0.0441902245758365,-0.7501652874835074,-0.0148198545598303,-0.0446032864037801
,,,,7.975260416666666,-0.0732461665870934,-0.0,-0.0433953331624474,-0.7260722313472228,-0.014452521774487,-0.0437301708445514
,,,,7.986111111111111,-0.0708697153538839,-0.0,-0.0426025939910724,-0.7004860857218886,-0.0141147680843453,-0.0419890993607628
,,,,7.996961805555555,-0.0694961237203991,-0.0,-0.0413398952963253,-0.6852064659642191,-0.0137785635385156,-0.0410521880748285
,,,,8.0078125,-0.066886485030072,-0.0,-0.0401269776247083,-0.6719239256533718,-0.0134129811048069,-0.0402726759174839
,,,,8.018663194444445,-0.0646584645320075,-0.0,-0.0386144246940945,-0.650422824681053,-0.0130538566690736,-0.0392011194678431
,,,,8.02951388888889,-0.063675265027575,-0.0,-0.0375225442196166,-0.636520470594244,-0.0127555377306285,-0.0378738778975255
,,,,8.040364583333334,-0.0614687567976243,-0.0,-0.0374963489321213,-0.6063175931498508,-0.0122152094646488,-0.0365921875093586
,,,,8.051215277777777,-0.0594743929796808,-0.0,-0.0356215127958505,-0.60169555828987,-0.0119110707769041,-0.0355744296303263
,,,,8.062065972222221,-0.0572157777081353,-0.0,-0.0342861812607151,-0.5682454184979036,-0.0114769582335299,-0.0347238599320026
,,,,8.072916666666666,-0.0561060665382165,-0.0,-0.0336383053280151,-0.5509872676086902,-0.0111317786094457,-0.033414108316547
,,,,8.08376736111111,-0.0539919557881057,-0.0,-0.0317058398330416,-0.5298651535661206,-0.0105847971472919,-0.0322275203081268
,,,,8.094618055555555,-0.0505768697342342,-0.0,-0.0305809161715089,-0.5210612994344506,-0.0102356256505162,-0.0309304016581604
,,,,8.10546875,-0.0492629021997929,-0.0,-0.0290485444187879,-0.4929195420042577,-0.0098223885808908,-0.0290176317854925
,,,,8.116319444444445,-0.0464268286969563,-0.0,-0.0281069070654996,-0.4780933013848532,-0.0093215716731631,-0.0281670454635053
,,,,8.12717013888889,-0.0451453438212066,-0.0,-0.0269450362606936,-0.4458811089806388,-0.0091990494863548,-0.0265290466591317
,,,,8.138020833333334,-0.04317243857176,-0.0,-0.0260330566552222,-0.4399289587010382,-0.0087527462517821,-0.0254658975975404
,,,,8.148871527777777,-0.0413286979404299,-0.0,-0.0237235709173401,-0.4035130224499124,-0.0082072136402679,-0.0244497407767039
,,,,8.159722222222221,-0.0379534571547768,-0.0,-0.0227255119924041,-0.3849610839147082,-0.0077415398877661,-0.0224782075388974
,,,,8.170572916666666,-0.0362680466077212,-0.0,-0.0218175740860836,-0.345253156191477,-0.0071694918098483,-0.0216822522568327
,,,,8.18142361111111,-0.0341228375173305,-0.0,-0.0199479613144507,-0.3400396876846716,-0.0068802259656255,-0.0203087877068024
,,,,8.192274305555555,-0.0298182833080764,-0.0,-0.0187517732003748,-0.3216109869153611,-0.0061225189651394,-0.0189506562575574
,,,,8.203125,-0.0301441155344945,-0.0,-0.0171090663189427,-0.2936414698491227,-0.0058235936020148,-0.017931645516011
,,,,8.213975694444445,-0.0257995720658208,-0.0,-0.0159592361531637,-0.2624080067025181,-0.0052796138698062,-0.0159338430955458
,,,,8.22482638888889,-0.0243353320030114,-0.0,-0.0146191324569054,-0.2440119301613728,-0.0048059661648225,-0.0144353145107834
,,,,8.235677083333334,-0.0220747278765762,-0.0,-0.0133802862710678,-0.212668312351525,-0.0043076106714401,-0.0134280713098616
,,,,8.246527777777777,-0.020266585546562,-0.0,-0.0119892363250008,-0.1974404324292056,-0.0038986497637032,-0.0119954707122441
,,,,8.257378472222221,-0.0172777820726024,-0.0,-0.0103719841379016,-0.1740590942141647,-0.0034988105267741,-0.009619078411802
,,,,8.268229166666666,-0.0151157199172445,-0.0,-0.0093094533900238,-0.1503689143829308,-0.0032210954471499,-0.0086687072898094
,,,,8.27907986111111,-0.0120405742536224,-0.0,-0.0080007512449433,-0.1249298499048667,-0.002412295658344,-0.006929578114659
,,,,8.289930555555555,-0.0103654272539262,-0.0,-0.0058343149936554,-0.106253610023567,-0.0018973000671311,-0.00602032915709
,,,,8.30078125,-0.0066490520635201,-0.0,-0.0044169499547633,-0.07909916452767,-0.0014960230593546,-0.004408309070899
,,,,8.311631944444445,-0.0050341561414482,-0.0,-0.0025391988149352,-0.0558498253393446,-0.0009552481069793,-0.0030729997222626
,,,,8.32248263888889,-0.002732123067595,-0.0,-0.0013041481560652,-0.0217420481875331,-0.0004915606648715,-0.0011592574564966
,,,,8.333333333333332,-0.000425723924138,0.0,0.0001831699041457,-0.0031822384776443,-0.0001935180553748,-2.865762778386733e-05
,,,,8.344184027777777,0.0033276797268208,0.0,0.0013766770753828,0.028948463315604,0.0005915198765173,0.0010753217053382
,,,,8.355034722222221,0.0054640505829238,0.0,0.0028772597984755,0.0499398975640855,0.0008868769647099,0.0025479811549748
,,,,8.365885416666666,0.0069476465063159,0.0,0.0041480438354395,0.0807596125782896,0.0014851222814577,0.0044564681493174
,,,,8.37673611111111,0.008631963374488,0.0,0.0056106795797008,0.0950495312447513,0.0019718529032252,0.0049477183231475
,,,,8.387586805555555,0.0110894111720907,0.0,0.0078325632504651,0.1146187130105874,0.0022906102895266,0.0075857762326619
,,,,8.3984375,0.0148457090856374,0.0,0.0089545530001879,0.1472096199603488,0.003039307539788,0.0084468963008903
,,,,8.409288194444445,0.016993472748382,0.0,0.0105518846138189,0.1618439433966728,0.0035117939066092,0.0105910620026486
,,,,8.42013888888889,0.0193277864221576,0.0,0.0119742845883611,0.1950793427401172,0.0038917339528584,0.0114201442100247
,,,,8.430989583333332,0.0212895996599057,0.0,0.0128172141664126,0.2202220562320691,0.0045162637739458,0.0132004040144103
,,,,8.441840277777777,0.0241085838476887,0.0,0.0143741022122068,0.2488865935582858,0.0049482056145381,0.0140317537118954
,,,,8.452690972222221,0.0266448636015919,0.0,0.0163338218313363,0.270385813995544,0.0053826614012395,0.0167359675177308
,,,,8.463541666666666,0.029054700285517,0.0,0.017371897991341,0.2815477341437157,0.0058788676890681,0.0174504925336055
,,,,8.47439236111111,0.0309938757841623,0.0,0.0191172650029902,0.3144872525881454,0.0061986118781716,0.0193038339408969
,,,,8.485243055555555,0.0340428625738147,0.0,0.0199377469231336,0.3359233621125505,0.0067983111883042,0.0200756515246676
,,,,8.49609375,0.0362569522096718,0.0,0.0214131731942855,0.3543004005740895,0.0072588393224025,0.0217724201675353
,,,,8.506944444444445,0.0379124473143346,0.0,0.0234898005982233,0.3840310090963205,0.0077312340225756,0.0228732503894659
,,,,8.51779513888889,0.0405030771544218,0.0,0.0243266657612617,0.4073895990704851,0.0080352723120373,0.0236743355877406
,,,,8.528645833333332,0.0431822666756146,0.0,0.0255207339090315,0.4261568326666086,0.0085531757392785,0.0254955604364419
,,,,8.539496527777777,0.0453071887902498,0.0,0.0266718557114746,0.4461157428923401,0.008970534358021,0.026710875468285
,,,,8.550347222222221,0.0470931152520788,0.0,0.027918451545457,0.4744771497303998,0.009538620976762,0.0282709914783024
,,,,8.561197916666666,0.0498894905197647,0.0,0.0298039624716626,0.4823791098660088,0.0098652361765667,0.0297433265638133
,,,,8.57204861111111,0.0508171316013825,0.0,0.0309194452554747,0.511546498106775,0.0102927006629137,0.0308374602600486
,,,,8.582899305555555,0.0543983723345507,0.0,0.0322560036120655,0.5389890672192122,0.0109911690400552,0.0327731163037077
,,,,8.59375,0.0554448570014964,0.0,0.0328055817765747,0.5589806841598608,0.01113713155933,0.0337023020055051
,,,,8.604600694444445,0.0566927780171238,0.0,0.0344945325142037,0.5672215225909284,0.0113384941575191,0.0347507859338034
,,,,8.61545138888889,0.0592962315804982,0.0,0.0360349341529038,0.594382601994245,0.0120283916817588,0.0360836087720761
,,,,8.626302083333332,0.0618196101658904,0.0,0.0369729262121117,0.6150025677012197,0.0125612167250776,0.0372773520430348
,,,,8.637152777777777,0.0637655033627183,0.0,0.0380339072378503,0.6318489459930039,0.0126159486675995,0.0380960463602762
,,,,8.648003472222221,0.0668316854485882,0.0,0.0393375070108712,0.6457956880598296,0.0128230120119947,0.0389879576082232
,,,,8.658854166666666,0.0672405438177538,0.0,0.0406242915452624,0.6750830621486693,0.0133219169864737,0.0403892328684103
,,,,8.66970486111111,0.0686088105294576,0.0,0.0412291771490663,0.693230837275937,0.0135857337954329,0.0414581106442907
,,,,8.680555555555555,0.0698724007021018,0.0,0.0420590872244832,0.7045553554815991,0.0141391524378963,0.0424624320523564
,,,,8.69140625,0.0718685525483618,0.0,0.0433517410366229,0.7249211770783284,0.0143310308000921,0.0432286936900803
,,,,8.702256944444445,0.074928987015593,0.0,0.0441923137982619,0.7438549317004831,0.0148239118698221,0.0443208185553945
,,,,8.71310763888889,0.0760678648485079,0.0,0.0452719393330764,0.7504170498444143,0.0150634663282382,0.0450401333329739
,,,,8.723958333333332,0.0768844877471445,0.0,0.0466182970883176,0.7751535320898852,0.0154700691850977,0.046580350793338
,,,,8.734809027777777,0.0790950544486068,0.0,0.0472570525760014,0.7829514270943138,0.0158633435075149,0.0475427570483824
,,,,8.745659722222221,0.0805888904189175,0.0,0.0487294844469547,0.8045047069984693,0.0160562824058002,0.0481802595112139
,,,,8.756510416666666,0.0813519094224004,0.0,0.0488649491919191,0.8127276414567179,0.0161742626649547,0.0491726925735412
,,,,8.76736111111111,0.0832697761083807,0.0,0.0500398554472472,0.8344075137771987,0.0166604258741667,0.0503079219034517
,,,,8.778211805555555,0.0850134490095256,0.0,0.0508984167775749,0.8387910600694548,0.0170657764423559,0.050918364792952
,,,,8.7890625,0.0865329670767292,0.0,0.0511258546827861,0.8593731622387177,0.0170458046237945,0.0511585243648809
,,,,8.799913194444445,0.0874331794851002,0.0,0.0523650008289712,0.8646382787689929,0.0175334481513965,0.0523623527700606
,,,,8.81076388888889,0.0885958328759259,0.0,0.0528453591111983,0.884777844944951,0.0176694351558759,0.052950594902272
,,,,8.821614583333332,0.0889644813585617,0.0,0.0536991052018968,0.8965954483002325,0.0177225119736431,0.0538593142919384
,,,,8.832465277777777,0.0904232034617039,0.0,0.054142396933492,0.9024655039781452,0.0180566877600723,0.0541701018890392
,,,,8.843315972222221,0.091967378565095,0.0,0.0549360732806777,0.9146253177099232,0.0182843265244059,0.0549087225177864
,,,,8.854166666666666,0.0922491277952602,0.0,0.0553439915055867,0.9241898028706992,0.0183747605469703,0.0552106639239029
,,,,8.86501736111111,0.0941826649329161,0.0,0.0553044301695333,0.9295079997370448,0.0186974794930442,0.0558353306059939
,,,,8.875868055555555,0.0937723322866596,0.0,0.0566356575376549,0.9248390951477528,0.0188859741898729,0.0557615514344801
,,,,8.88671875,0.0953108844841721,0.0,0.0568356158944907,0.9546392358251472,0.0189853628484473,0.0569069138376557
,,,,8.897569444444445,0.095340239869137,0.0,0.0575095712656868,0.959677862796549,0.0191072659230916,0.0578135595081009
,,,,8.90842013888889,0.0960221515052277,0.0,0.057520618364327,0.9637852128196224,0.0191660063757025,0.0579002966617703
,,,,8.919270833333332,0.0966551569352294,0.0,0.0583090276317574,0.9633823668244744,0.0192778991855407,0.0587013298482732
,,,,8.930121527777777,0.0974715081074391,0.0,0.0586335214240319,0.9726377739422843,0.0196533427662587,0.0584731178370912
,,,,8.940972222222221,0.0983993784199014,0.0,0.0591897965492118,0.9770824645811682,0.0197181195989034,0.0594183704896447
,,,,8.951822916666666,0.0975345183489829,0.0,0.0591124515801361,0.9854831518368424,0.0197110690868258,0.0589880855771794
,,,,8.96267361111111,0.0987177082215121,0.0,0.0593386617245404,0.9973257358067682,0.0198317207606769,0.0596837313612073
,,,,8.973524305555555,0.0992744172202383,0.0,0.0593077455268653,1.0005529737591683,0.0198523612519565,0.0594770931868918
,,,,8.984375,0.0994528372798028,0.0,0.0593828219100778,0.994215865867396,0.0198612974378804,0.0596462541647707
,,,,8.995225694444445,0.0996453638800529,0.0,0.0596931583751226,0.9958335434781014,0.0198666433259082,0.0600833599583364
,,,,9.00607638888889,0.0992702045102655,0.0,0.060108882004137,1.0011234196853247,0.0199728653008219,0.0597721156543897
,,,,9.016927083333332,0.0995661823855761,0.0,0.0599741801701824,0.9997731633248392,0.0199883974829888,0.0600578445044782
,,,,9.027777777777777,0.100357732812434,0.0,0.0599120738542271,0.9891169052766022,0.0198765931276473,0.059543214653288
,,,,9.03862847222222,0.1001620672466292,0.0,0.0598191374774242,0.9942247150368833,0.020034035844652,0.0598675432877267
,,,,9.049479166666666,0.1003617968577266,0.0,0.0603704369086867,1.0097276654644467,0.0199814272762874,0.0600140969511604
,,,,9.06032986111111,0.0992645450482029,0.0,0.059798419029007,0.9989894588149948,0.0198061318169364,0.0597014842104505
,,,,9.071180555555555,0.0987725156697346,0.0,0.0594095820726935,0.9929503199297636,0.0198077693187204,0.0595671549255421
,,,,9.08203125,0.1003923108035038,0.0,0.0601230666874466,0.993725966278225,0.019878618407682,0.0596229410214413
,,,,9.092881944444445,0.0986847615581671,0.0,0.0590966566035338,0.9820367097326358,0.019849847069459,0.0590143197080954
,,,,9.10373263888889,0.0992516584245121,0.0,0.05952960394789,0.9869989464598766,0.0197069692124929,0.0590773278289362
,,,,9.114583333333332,0.0978641611694104,0.0,0.0592341259583809,0.9729932859479912,0.0195859287237908,0.0595731969794942
,,,,9.125434027777777,0.0987035660218604,0.0,0.0583739529125606,0.9739582600626076,0.0196012911869449,0.0587005878205059
,,,,9.13628472222222,0.0969488462298276,0.0,0.0580242784873553,0.9673654361678478,0.0193558175100552,0.0579026128607492
,,,,9.147135416666666,0.096900176150666,0.0,0.0579305563461555,0.965239194543098,0.0193963121522859,0.0579011617826097
,,,,9.15798611111111,0.0951173953515791,0.0,0.0573751368873193,0.951232435459394,0.0191264956552194,0.0572028413849404
,,,,9.168836805555555,0.0955643192271882,0.0,0.0568947527671059,0.9508679917382702,0.0189717921604243,0.057165591025541
,,,,9.1796875,0.0936251280254653,0.0,0.0566659844881054,0.942716385412958,0.0188896748975663,0.0563570299701718
,,,,9.190538194444445,0.0929177301212396,0.0,0.0558896348645141,0.9307757792522954,0.0187589695253814,0.0563592981187425
,,,,9.20138888888889,0.0926667104732733,0.0,0.055600918944153,0.9320700062645688,0.0184312603378823,0.0561135571016131
,,,,9.212239583333332,0.0924893386991964,0.0,0.0550540415397997,0.9185484076668992,0.0183663782091266,0.0548884347076405
,,,,9.223090277777777,0.0908965881622118,0.0,0.0541206961815897,0.8991372832994248,0.0180202385451979,0.0542538188407043
,,,,9.23394097222222,0.0898892025824147,0.0,0.0538222918816139,0.8798815215872211,0.0178430588419893,0.0535862346903694
,,,,9.244791666666666,0.0874753861200301,0.0,0.0528219407814469,0.8765591634263357,0.0176943983501285,0.0526364154742975
,,,,9.25564236111111,0.0866898860144076,0.0,0.0522214369950349,0.8657193209789145,0.017382982240685,0.0524729298436326
,,,,9.266493055555555,0.0871062700892952,0.0,0.0513951004424088,0.8639179348696493,0.0173733442027532,0.0514566522021651
,,,,9.27734375,0.0846442468710921,0.0,0.0506366790897185,0.8416754159727017,0.0168302783831077,0.0508129453636807
,,,,9.288194444444445,0.0833135894805122,0.0,0.0503933278874716,0.8321399685516429,0.0166341739014041,0.049857198578828
,,,,9.29904513888889,0.0817976318433595,0.0,0.048869024014067,0.8079078354997499,0.0163883104413315,0.0495073512300583
,,,,9.309895833333332,0.080941038057367,0.0,0.0487456181108354,0.8099188667467062,0.0161081636230153,0.0475501287729526
,,,,9.320746527777777,0.0793939573538946,0.0,0.0475140329836449,0.7868105149475405,0.015901752954717,0.0472340701553633
,,,,9.33159722222222,0.0774434980786109,0.0,0.0462441959358275,0.7678900931117001,0.0155702677213676,0.0460648163145481
,,,,9.342447916666666,0.0753081575223207,0.0,0.0453121684769815,0.7585372509882344,0.0150916065953404,0.0455335386922871
,,,,9.35329861111111,0.0737935558292774,0.0,0.044624429026669,0.7479616726703627,0.0148194376831746,0.0443464620790667
,,,,9.364149305555555,0.0718330535015507,0.0,0.0431273761971882,0.7277656602483463,0.0144729029252156,0.0434778520850354
,,,,9.375,0.0714153252245784,0.0,0.0423306571123161,0.7094056375014697,0.0140455990219595,0.0427221137297642
,,,,9.385850694444445,0.0696055272392899,0.0,0.0411617117946101,0.6864933711255682,0.0137681865541966,0.0409302928953421
,,,,9.39670138888889,0.0665531950582404,0.0,0.040533576002173,0.6785580247938682,0.0136592504553333,0.0398871971738716
,,,,9.407552083333332,0.0650611468128825,0.0,0.0392178255133059,0.6533494955500021,0.0131774427373155,0.0391275110698033
,,,,9.418402777777777,0.0631485619159386,0.0,0.0383705250061465,0.6427211709028631,0.0127518979227281,0.0378991675527885
,,,,9.42925347222222,0.0619988859026473,0.0,0.0368124662620332,0.6060995769706189,0.0122623002957258,0.0370151424000684
,,,,9.440104166666666,0.0600181656056071,0.0,0.0354985210111338,0.5890014535902539,0.0119408069774037,0.0362549761366204
,,,,9.45095486111111,0.0572333919888004,0.0,0.0341271464530661,0.5813120474534172,0.0113517110457405,0.0346776389082565
,,,,9.461805555555555,0.0561107074755943,0.0,0.0335519927735461,0.5575859568633496,0.0112099095343147,0.0331814870950922
,,,,9.47265625,0.0538808692597232,0.0,0.032394860425962,0.5330107516949003,0.0105123966712249,0.032300675790712
,,,,9.483506944444445,0.0514093838849741,0.0,0.0305643159217752,0.514842630929607,0.010194023902605,0.0301504779683978
,,,,9.49435763888889,0.0487147161875019,0.0,0.0297882569148529,0.492984246256725,0.0098396014840245,0.0295016202609929
,,,,9.505208333333332,0.0469433792322585,0.0,0.0277447386471945,0.4673779607167737,0.0094634703040127,0.0279665234766505
,,,,9.516059027777777,0.0447455012859817,0.0,0.0269471216719257,0.452037840899983,0.0087105881383282,0.0271109898418774
,,,,9.52690972222222,0.0431666438151547,0.0,0.0255991676982963,0.4294677113820209,0.0085522421322638,0.0250894951151247
,,,,9.537760416666666,0.0403087138413423,0.0,0.0241162504302283,0.0165393955619188,0.0081613547931578,0.0239317451574321
,,,,9.54861111111111,0.0386083808116834,0.0,0.0224255439503796,0.0155024071709191,0.0076007286676349,0.023038481912713
,,,,9.559461805555555,0.0352114270954973,0.0,0.0215104769955096,0.0143131600853751,0.0072717096549143,0.0211991192058227
,,,,9.5703125,0.0346418809041543,0.0,0.0202972375032228,0.0136151502272974,0.0066943077300378,0.0204881875099357
,,,,9.581163194444445,0.0308831528572484,0.0,0.0188335106623285,0.0123859630714638,0.0062705305770586,0.0191879995986379
,,,,9.59201388888889,0.029364804707295,0.0,0.0180392325274866,0.0115626326817213,0.0058044376287605,0.0173490377946013
,,,,9.602864583333332,0.0273263230804353,0.0,0.0159673813000136,0.0106780707375683,0.0052725306961538,0.0156220294518781
,,,,9.613715277777777,0.0234377631729563,0.0,0.0147533387076166,0.0094227825355608,0.0049321476015663,0.0146491766511755
,,,,9.62456597222222,0.0213400837447472,0.0,0.0131931516607365,0.0085100086929383,0.0044777452967569,0.013069791225449
,,,,9.635416666666666,0.0200269313522461,0.0,0.0117682495943403,0.0078985462139434,0.0038024830679162,0.0124549591060874
,,,,9.64626736111111,0.0178456898506536,0.0,0.0103819037152293,0.0068647533567821,0.0036575223466075,0.0100436929203639
,,,,9.657118055555555,0.0142911922869334,0.0,0.0087302249315914,0.0062269593470619,0.003069867322112,0.0086737908063614
,,,,9.66796875,0.012321502447669,0.0,0.006623388720483,0.0048219215899042,0.0023564729371387,0.0079113348045977
,,,,9.678819444444445,0.0104434907776779,0.0,0.0057697182381638,0.0039660235978256,0.0019271021194503,0.0059969286827725
,,,,9.68967013888889,0.0073374341323345,0.0,0.0043802130598444,0.0031739776460638,0.001266319441581,0.004441093053068
,,,,9.700520833333332,0.0040919571631294,0.0,0.0030854992742362,0.0019939623577985,0.0008345767282531,0.0030975617170365
,,,,9.711371527777777,0.0021607989454934,0.0,0.0013873212858113,0.0009899852433274,0.0006357158606323,0.0013330802892667
,,,,9.72222222222222,0.0010386581387998,-0.0,0.0001180154996117,5.296302030321811e-05,2.603039311362524e-05,0.0001862972773089
,,,,9.733072916666666,-0.0020686688672732,-0.0,-0.0014865681911603,-0.0007527044044098,-0.0004339616494447,-0.0021059185314189
,,,,9.74392361111111,-0.0054121028620375,-0.0,-0.0030579604457669,-0.0021376083357225,-0.0010707738110036,-0.0026633557747017
,,,,9.754774305555555,-0.0072641591655557,-0.0,-0.0044198113423218,-0.0027235740020849,-0.0014631404223907,-0.0045682656384597
,,,,9.765625,-0.0106888220834685,-0.0,-0.0055041077651863,-0.0039779243468409,-0.0018959719227234,-0.0067032585624899
,,,,9.776475694444445,-0.0127510907455498,-0.0,-0.0071825843823894,-0.0048613778428175,-0.0025542352554777,-0.0074990139619516
,,,,9.78732638888889,-0.0142599595466305,-0.0,-0.008452371843708,-0.0059923895289081,-0.0029464089345408,-0.0085842511976443
,,,,9.798177083333332,-0.017233312141595,-0.0,-0.0099925653003731,-0.006877688884408,-0.0033762682152336,-0.0099362714220384
,,,,9.809027777777777,-0.0189333068756962,-0.0,-0.011506477688534,-0.0081785585082376,-0.0038053168021286,-0.0115363987746153
,,,,9.81987847222222,-0.0227699038648883,-0.0,-0.0128488504558774,-0.009008581277548,-0.0042963479337758,-0.013202774833
,,,,9.830729166666666,-0.0245091848402111,-0.0,-0.0145607043798769,-0.0096998178081734,-0.0049537059895818,-0.0140455078846134
,,,,9.84157986111111,-0.0262489327432105,-0.0,-0.0159454218869371,-0.0108396050091848,-0.0054050336087822,-0.0164363091296218
,,,,9.852430555555555,-0.028227495107738,-0.0,-0.01722259667083,-0.0115360519607519,-0.0056915208590191,-0.0176214423490037
,,,,9.86328125,-0.0316720771010065,-0.0,-0.0188808513305238,-0.0122855197129129,-0.0063737644472052,-0.0188134267752587
,,,,9.874131944444445,-0.0347347114644267,-0.0,-0.0198295833675205,-0.0132578276092009,-0.0068051584131458,-0.0205028495086017
,,,,9.88498263888889,-0.0364774976659006,-0.0,-0.0214550051483671,-0.014306716625191,-0.0072186258847775,-0.0217598095870223
,,,,9.895833333333332,-0.0380358644259421,-0.0,-0.0230762300272675,-0.0149914726243876,-0.0078077362170756,-0.0233386121656655
,,,,9.906684027777777,-0.0401315807043483,-0.0,-0.0241006685707727,-0.0161699526583268,-0.0080465328711433,-0.0240186181278958
,,,,9.91753472222222,-0.0419729837945759,-0.0,-0.0264174271715216,-0.0172789928810843,-0.0084755399222488,-0.0259610112773949
,,,,9.928385416666666,-0.0448576711993376,-0.0,-0.0263500663362035,-0.0181283726405363,-0.0090729149284114,-0.0270202614170146
,,,,9.93923611111111,-0.0470998094171367,-0.0,-0.0281781472093959,-0.0188595022259746,-0.0095008468296783,-0.0286221426048268
,,,,9.950086805555555,-0.0493125402399834,-0.0,-0.0294648138374568,-0.0193455715019118,-0.010036522915563,-0.0301027836113037
,,,,9.9609375,-0.0518482922688059,-0.0,-0.0312763907247192,-0.0203055262011761,-0.0102780282737635,-0.0311001130077431
,,,,9.971788194444445,-0.054278319006914,-0.0,-0.0324699746056668,-0.0212764190738943,-0.0107561263122641,-0.0320440207447484
,,,,9.98263888888889,-0.0549069467154039,-0.0,-0.0329189486771222,-0.0221897315334847,-0.0110416612505333,-0.0331524967230387
,,,,9.993489583333332,-0.0569142600751992,-0.0,-0.0349796012346429,-0.0233822335756136,-0.0115942054101269,-0.0349005559381011
,,,,10.004340277777777,-0.0593623573197134,-0.0,-0.0355888333938614,-0.0237497901083756,-0.0117570194957402,-0.0357352679000529
,,,,10.01519097222222,-0.0611940910994963,-0.0,-0.036748530837618,-0.0246803289883826,-0.0124353414323999,-0.0374004136982364
,,,,10.026041666666666,-0.0637366879530312,-0.0,-0.0383124623953474,-0.0251889858309832,-0.0126596105310693,-0.0377808629780679
,,,,10.03689236111111,-0.065573194357788,-0.0,-0.0391544312449924,-0.0262752966990039,-0.013061382153278,-0.0390873107630602
,,,,10.047743055555555,-0.0662182492521327,-0.0,-0.0405541203510613,-0.0269335863791227,-0.0133625243403822,-0.0402417051463051
,,,,10.05859375,-0.0685017902856709,-0.0,-0.0415203924028684,-0.0277765134860968,-0.0137943788533457,-0.0412473464488907
,,,,10.069444444444445,-0.0697875250221321,-0.0,-0.0425919036514446,-0.0285175210929366,-0.0142487945818105,-0.0423735024937667
,,,,10.08029513888889,-0.0717007288392547,-0.0,-0.0439441691782417,-0.0291343169942049,-0.0141840284047636,-0.0437360077526124
,,,,10.091145833333332,-0.0735194016717963,-0.0,-0.0442989762256153,-0.0295088815660532,-0.0148985707943888,-0.0438789802086368
,,,,10.101996527777777,-0.0751937104584813,-0.0,-0.0455279133177832,-0.0303867730289902,-0.0151637491028305,-0.0457616515306175
,,,,10.11284722222222,-0.0768486911585722,-0.0,-0.0462308172755993,-0.0310675089716249,-0.015501867409052,-0.0466963857774174
,,,,10.123697916666666,-0.0782429008340493,-0.0,-0.0479930536331324,-0.031371761846467,-0.015828337316255,-0.0475843052272267
,,,,10.13454861111111,-0.0808653508762338,-0.0,-0.0484116500218297,-0.0324816241881473,-0.0159969552253692,-0.0480763109945726
,,,,10.145399305555555,-0.0817380239464009,-0.0,-0.0490120669351012,-0.0329976792234087,-0.0164633632378981,-0.0488604530547867
,,,,10.15625,-0.0822853510888638,-0.0,-0.0497065061773643,-0.0329819038690928,-0.0165727622602679,-0.0502092598726145
,,,,10.167100694444445,-0.0840130215354526,-0.0,-0.0505137353044529,-0.0334183676723826,-0.0170975321223333,-0.0507262552597873
,,,,10.17795138888889,-0.0854962130557125,-0.0,-0.0514330454350088,-0.0339516264909164,-0.0172224507883591,-0.0518902179363583
,,,,10.188802083333332,-0.0867330261167231,-0.0,-0.0524106754032961,-0.034340080930157,-0.0174019609011303,-0.0529069850217689
,,,,10.199652777777777,-0.0875544006750482,-0.0,-0.0528350889146148,-0.0351739409442799,-0.017810512596533,-0.0530778367727122
,,,,10.21050347222222,-0.0897147834551352,-0.0,-0.0534105316933911,-0.03600926273418,-0.0179955065722523,-0.0537607314329733
,,,,10.221354166666666,-0.0903560956521943,-0.0,-0.053893412626732,-0.036106747507203,-0.0181826281138996,-0.0547663744029604
,,,,10.23220486111111,-0.0919695123214618,-0.0,-0.055013377277633,-0.0362966715719906,-0.0184822260292581,-0.0544631571354483
,,,,10.243055555555555,-0.0925550028897757,-0.0,-0.0553807967505957,-0.036980499836612,-0.0186237232323075,-0.0551451106085906
,,,,10.25390625,-0.09289998255677,-0.0,-0.0561403460101777,-0.0372439252882358,-0.0187359471158283,-0.0559977999473024
,,,,10.264756944444445,-0.0949976205678774,-0.0,-0.0565777504192518,-0.0374889559970458,-0.0188696354601327,-0.0565825338797894
,,,,10.27560763888889,-0.0945541823996666,-0.0,-0.0567796437981581,-0.0383392555407372,-0.0191184906401824,-0.05675414580631
,,,,10.286458333333332,-0.0955210686635076,-0.0,-0.0573959646302564,-0.0382920004978006,-0.0193379890862383,-0.0571275076957543
,,,,10.297309027777777,-0.0966965109460259,-0.0,-0.0575826597649523,-0.0387209031531582,-0.0193124515912759,-0.058199332689301
,,,,10.30815972222222,-0.0972684762609822,-0.0,-0.0581134510216572,-0.0386625250881376,-0.0193421077340965,-0.0578978612731097
,,,,10.319010416666666,-0.0974243532199126,-0.0,-0.0587599528144958,-0.039095921981977,-0.0193996194578399,-0.0589006734949911
,,,,10.32986111111111,-0.0979918116108739,-0.0,-0.0588932808534159,-0.0388935353719903,-0.0195737353726793,-0.0589913922607711
,,,,10.340711805555555,-0.0979003506149145,-0.0,-0.0595429381042162,-0.0396316521249233,-0.0196489193986106,-0.0588285301713932
,,,,10.3515625,-0.0996287040157208,-0.0,-0.059082720789667,-0.0395030872215318,-0.019769016675234,-0.059576142589728
,,,,10.362413194444445,-0.1000650463030526,-0.0,-0.0594807035319006,-0.0396070320404457,-0.0197475418278317,-0.059831511229578
,,,,10.37326388888889,-0.0997693991655614,-0.0,-0.0598086193637929,-0.0399060473382323,-0.0199156627354308,-0.0601499511396411
,,,,10.384114583333332,-0.1002236291385749,-0.0,-0.0599628915889832,-0.0403614941156137,-0.0199921201437942,-0.0593865052298775
,,,,10.394965277777777,-0.100325355285639,-0.0,-0.0597036368053726,-0.0398534827086134,-0.0200459074538848,-0.0601538925371175
,,,,10.40581597222222,-0.1002888736778095,-0.0,-0.0597575451475687,-0.0398923547428662,-0.0198325946454324,-0.0595763022575616
,,,,10.416666666666666,-0.1001942722521838,-0.0,-0.0598780820248195,-0.0402202267300506,-0.0201875436540458,-0.0598061780428615
,,,,10.42751736111111,-0.100051302926076,-0.0,-0.0601972590906152,-0.0396329379065412,-0.0200570791983555,-0.0598171706924414
,,,,10.438368055555555,-0.0997575813619021,-0.0,-0.0599284557133246,-0.0396574716118626,-0.0199573495608391,-0.0605326873032867
,,,,10.44921875,-0.0992108785885801,-0.0,-0.0600140708750871,-0.0398978585350033,-0.0199176018767754,-0.0596690740449102
,,,,10.460069444444445,-0.0995637756779117,-0.0,-0.0594911393260112,-0.0395660410785484,-0.0197626124382862,-0.0595744103396768
,,,,10.47092013888889,-0.0992384490772652,-0.0,-0.0597976180869235,-0.0399033455916638,-0.0198648278627759,-0.0592286899905101
,,,,10.481770833333332,-0.0989099326114468,-0.0,-0.0591746377756381,-0.0396772026043413,-0.0198467173362957,-0.0593830447532958
,,,,10.492621527777777,-0.098795553471795,-0.0,-0.0583459966085207,-0.0394575937772517,-0.0195753593024259,-0.0591514612371341
,,,,10.50347222222222,-0.0984468279099506,-0.0,-0.0588858950869945,-0.0391321614639225,-0.0195753625275672,-0.0591617583213193
,,,,10.514322916666666,-0.097640169204897,-0.0,-0.0584695549529833,-0.0388712969928259,-0.0196173772502824,-0.0585737461289918
,,,,10.52517361111111,-0.0965718715150818,-0.0,-0.0580888128261691,-0.0389191316816707,-0.0193153667892182,-0.0581177658272333
,,,,10.536024305555555,-0.0958603586231247,-0.0,-0.0584345618808046,-0.0384215283087839,-0.0192895673096463,-0.0578021321077662
,,,,10.546875,-0.0947398090160432,-0.0,-0.0579065436719985,-0.0381360551701496,-0.0190516616979319,-0.0570548997601745
,,,,10.557725694444445,-0.0946353428810246,-0.0,-0.0572634806889525,-0.0381039517509171,-0.0190245419554979,-0.0571258828427087
,,,,10.56857638888889,-0.0936828844606495,-0.0,-0.0568400917729285,-0.0375278681452423,-0.0186594737980824,-0.0559577814584998
,,,,10.579427083333332,-0.0935898719620574,-0.0,-0.0559139011406528,-0.0373572966619506,-0.0185484884382684,-0.0560449234436968
,,,,10.590277777777777,-0.0930812460458356,-0.0,-0.0555031912001945,-0.0371251984790721,-0.0184743791237109,-0.0557609673225202
,,,,10.60112847222222,-0.0918446770033958,-0.0,-0.0553373001374599,-0.0364966282402373,-0.0180742290028998,-0.0551877493002709
,,,,10.611979166666666,-0.0905395611903673,-0.0,-0.0542223584785378,-0.0360722560607682,-0.0182177967401384,-0.0542162185404755
,,,,10.62282986111111,-0.088248122799933,-0.0,-0.0537070779755219,-0.035624358716751,-0.0176461922688816,-0.0539277343204411
,,,,10.633680555555555,-0.0888516665868857,-0.0,-0.0527789828676888,-0.0349853208360463,-0.0177298314130475,-0.053458378169483
,,,,10.64453125,-0.0869936380286286,-0.0,-0.0521691615207157,-0.0346336172826715,-0.0173873462959382,-0.0523519092531549
,,,,10.655381944444445,-0.0856693670573915,-0.0,-0.0516705042622257,-0.0346743125999254,-0.0172250635992596,-0.0515080122465174
,,,,10.66623263888889,-0.084005176975597,-0.0,-0.0507458453753966,-0.0338922331323915,-0.0169868151290385,-0.0509878619779475
,,,,10.677083333333332,-0.0828370114436246,-0.0,-0.0501830240349019,-0.0333706070714831,-0.0167061450846463,-0.0499639063059311
,,,,10.687934027777777,-0.0812263807078547,-0.0,-0.0483405424131366,-0.0331109795874106,-0.0161732864269186,-0.0489979261316487
,,,,10.69878472222222,-0.081505894255818,-0.0,-0.0484046710089496,-0.0322430916478389,-0.0161097950709629,-0.0479852274678445
,,,,10.709635416666666,-0.0780863844953138,-0.0,-0.0475512721585591,-0.0316241691553983,-0.0158273562765514,-0.047515826946442
,,,,10.72048611111111,-0.0777974535514928,-0.0,-0.0464828786567164,-0.030585808154227,-0.0154832157405309,-0.0462335411086512
,,,,10.731336805555555,-0.0755442550009257,-0.0,-0.0454696798078341,-0.0301989239135575,-0.0151337593220494,-0.0453571256106785
,,,,10.7421875,-0.0740383939839754,-0.0,-0.04438908462935,-0.0297462994977935,-0.0149524793823087,-0.0443410429001118
,,,,10.753038194444445,-0.0724292105477262,-0.0,-0.0432658301447112,-0.028761578830165,-0.0145157630325081,-0.042923693133726
,,,,10.76388888888889,-0.0710701901070248,-0.0,-0.0424542281626572,-0.0286975608296233,-0.0141775307227826,-0.0423334949806232
,,,,10.774739583333332,-0.0688800048636433,-0.0,-0.0415471546225158,-0.0273200043008965,-0.0138945006744306,-0.0415067343409055
,,,,10.785590277777777,-0.0673427349570386,-0.0,-0.0398429580557123,-0.0267027923555988,-0.013269672685273,-0.0400271621789429
,,,,10.79644097222222,-0.0643046732013403,-0.0,-0.0386152848609354,-0.0259636969834064,-0.0130013769023599,-0.0387857033604805
,,,,10.807291666666666,-0.0633612096639668,-0.0,-0.0383405492522519,-0.0251555955906034,-0.0125725736458022,-0.0379401847385993
,,,,10.81814236111111,-0.0618411222962038,-0.0,-0.0371053936656975,-0.0244966441353303,-0.0122501512192191,-0.0366764501989253
,,,,10.828993055555555,-0.0595210644093488,-0.0,-0.036157513844665,-0.0241358121411886,-0.0117391483274217,-0.0361353321685857
,,,,10.83984375,-0.0577395515735117,-0.0,-0.0347460258914716,-0.0229921977074058,-0.011439073399935,-0.0345898978516307
,,,,10.850694444444445,-0.0560250921989722,-0.0,-0.0338053972342803,-0.0222703740658539,-0.0111779423966907,-0.0335507806962928
,,,,10.86154513888889,-0.0528756331948567,-0.0,-0.032333881206373,-0.0212822259000534,-0.0105939786733756,-0.0320103047617272
,,,,10.872395833333332,-0.0505303858773693,-0.0,-0.0309937032344058,-0.020499158684238,-0.0102777589652815,-0.0309385736188436
,,,,10.883246527777777,-0.0495707455830952,-0.0,-0.0295179231444167,-0.0197236972083698,-0.0098621195699203,-0.0301517758388596
,,,,10.89409722222222,-0.0474177451214754,-0.0,-0.0286617271007376,-0.0187274702620928,-0.0093122669484322,-0.0288062675852185
,,,,10.904947916666666,-0.0448570019550284,-0.0,-0.027022708586405,-0.0177686528722998,-0.0089530590146251,-0.0270704208142315
,,,,10.91579861111111,-0.0422833771405357,-0.0,-0.0257355459975528,-0.0169834503409469,-0.0084738842840667,-0.0258504473342404
,,,,10.926649305555555,-0.0395436751393609,-0.0,-0.0242088240917597,-0.0160705481706295,-0.0080997738526696,-0.0235649271218971
,,,,10.9375,-0.0377313303293094,-0.0,-0.023100436342726,-0.0151880582158823,-0.0077555106576895,-0.0228865765238489
,,,,10.948350694444445,-0.0358602054538128,-0.0,-0.0210324301088275,-0.0146717754530276,-0.0072995502873094,-0.021683394030102
,,,,10.95920138888889,-0.0335193885209552,-0.0,-0.0211114654926508,-0.0137126522651513,-0.0067319059533617,-0.0203260057681757
,,,,10.970052083333332,-0.0316386739928575,-0.0,-0.0186047410820372,-0.0124583570417175,-0.0065236613300361,-0.0190096262352222
,,,,10.980902777777777,-0.0297073526366177,-0.0,-0.0171924771725376,-0.0115555773444297,-0.0057415900866233,-0.0177984181527785
,,,,10.99175347222222,-0.0266391833002488,-0.0,-0.0159543664657116,-0.0105931933159144,-0.0052991280122073,-0.0162556419177256
,,,,11.002604166666666,-0.0253663233553749,-0.0,-0.0144458279332635,-0.0096730033655617,-0.0048928959579836,-0.014560416520003
,,,,11.01345486111111,-0.021520609347831,-0.0,-0.0131764791536619,-0.0090331020419477,-0.004400333108258,-0.0125972956839808
,,,,11.024305555555555,-0.0197768597123838,-0.0,-0.011663363670247,-0.0077108191046706,-0.0038654983483141,-0.0117889142941143
,,,,11.03515625,-0.0169127712070852,-0.0,-0.0100213323799024,-0.0067481489228703,-0.0033523769115828,-0.0103796265793824
,,,,11.046006944444445,-0.01498090003127,-0.0,-0.0090412747730715,-0.005816695055481,-0.0030164331073843,-0.0086343739494239
,,,,11.05685763888889,-0.0125079641670881,-0.0,-0.0072772976842466,-0.0048755895659529,-0.0026254509008365,-0.0072700282355444
,,,,11.067708333333332,-0.0100559669826085,-0.0,-0.0064194778471687,-0.0037375007566126,-0.0019935902010532,-0.0060771059054673
,,,,11.078559027777777,-0.0076920484949894,-0.0,-0.0040691821721685,-0.0028484812983827,-0.0014574824835414,-0.0043947532341816
,,,,11.08940972222222,-0.0046805361579359,-0.0,-0.0027672835903583,-0.0023977340316618,-0.0008716996162481,-0.0027728311134342
,,,,11.100260416666666,-0.0031850155740621,-0.0,-0.001585776050432,-0.0006616491270986,-0.0005017243331958,-0.001361048610017
,,,,11.11111111111111,-0.0001184288924249,-0.0,0.0003904058487943,0.0002843543975251,2.016769477683981e-05,-0.0007562780005196
,,,,11.121961805555555,0.0017943727442856,0.0,0.0011521833541798,0.0008682822228953,0.0006667336962528,0.0019784609529008
,,,,11.1328125,0.0050524665772321,0.0,0.0027008650469914,0.0021099338497221,0.0009479689497817,0.0031139275392585
,,,,11.143663194444445,0.0073868295083941,0.0,0.0043975973380275,0.0030884883721813,0.0013830699512918,0.0046036716940961
,,,,11.15451388888889,0.0096212350987963,0.0,0.0058701596231741,0.004203141787313,0.0019507131767142,0.0061139565648871
,,,,11.165364583333332,0.0120323146033185,0.0,0.0074734601327734,0.0051504481355263,0.0023705126544692,0.0075233698343674
,,,,11.176215277777777,0.0143764518576302,0.0,0.0089332920093008,0.0058528694964719,0.002962003236335,0.0087988229490491
,,,,11.18706597222222,0.0175111589820038,0.0,0.0096723769365643,0.0069137946128543,0.003394407403991,0.0102112977534157
,,,,11.197916666666666,0.0197877225223817,0.0,0.011748033061988,0.0075697346796289,0.0038208966216388,0.011687718810577
,,,,11.20876736111111,0.0205166403170987,0.0,0.0128897694925243,0.0087981797583206,0.0044500937406816,0.01335515701912
,,,,11.219618055555555,0.0242723598938487,0.0,0.0147563280037692,0.0097646224990506,0.0049067441124943,0.0139197742360061
,,,,11.23046875,0.0269163984966416,0.0,0.0158247935573745,0.0109804046545619,0.0052941742605782,0.0165421104788912
,,,,11.241319444444445,0.0292052013945108,0.0,0.0174008146661769,0.0114899319973352,0.0058636905074018,0.0173660286309687
,,,,11.25217013888889,0.0313842354467969,0.0,0.0190052899128997,0.0126233859301934,0.0061351946254638,0.0189324960745793
,,,,11.263020833333332,0.0338502383237746,0.0,0.0198358069345168,0.0135813478586956,0.0068058970581555,0.0204005791534146
,,,,11.273871527777777,0.0358518295154883,0.0,0.0216960138769528,0.0142395492532457,0.0070592998878197,0.0218070555225446
,,,,11.28472222222222,0.0388819829267777,0.0,0.0228944279518305,0.0149445893172478,0.0073974899836465,0.0225248157950865
,,,,11.295572916666666,0.0397195973669917,0.0,0.0242684616983341,0.0160577065615423,0.0082021008302108,0.0242512758971292
,,,,11.30642361111111,0.0424459603104298,0.0,0.0257379915809001,0.0174171455551624,0.0084659079929445,0.0254701957709046
,,,,11.317274305555555,0.0447339535838776,0.0,0.0267877407401826,0.0181694071258888,0.0089274926066065,0.0271235944963035
,,,,11.328125,0.0473424167284037,0.0,0.0282761006421523,0.0191063110691008,0.0093772489641614,0.0280405757368636
,,,,11.338975694444445,0.0485176275030772,0.0,0.0291867181579378,0.019201485945863,0.0096982041806497,0.0297489050443683
,,,,11.34982638888889,0.0515607976420858,0.0,0.030820875859134,0.0208361783374866,0.0103559561603093,0.0304932898807349
,,,,11.360677083333332,0.0538420708528489,0.0,0.0318396649942236,0.0212209431503734,0.0107516815573486,0.0324074136251544
,,,,11.371527777777777,0.0561875602886311,0.0,0.0333849510957696,0.0220834459432657,0.0111022923472548,0.0331457653368582
,,,,11.38237847222222,0.0581924830897981,0.0,0.0347185848942511,0.0232714972139935,0.0116866403870489,0.0345706603853284
,,,,11.393229166666666,0.0601995701036559,0.0,0.0357898490262965,0.0234534214196085,0.0117890740888281,0.0355791977446947
,,,,11.40407986111111,0.0607331743608541,0.0,0.0363993797325195,0.024546303949348,0.0121988141819388,0.0365075957594544
,,,,11.414930555555555,0.0634224517704039,0.0,0.0380686762613566,0.0253963511101503,0.0127674231986182,0.0379067662886414
,,,,11.42578125,0.0653894946789249,0.0,0.039136898207804,0.0260523571136199,0.0129381475462905,0.039293964141913
,,,,11.436631944444445,0.0673606754982246,0.0,0.0404627597357648,0.0271181012704385,0.0136522650428191,0.0410538951760459
,,,,11.44748263888889,0.0696500688049463,0.0,0.0416399322858073,0.0273911349265123,0.013964166663561,0.0412014227807453
,,,,11.458333333333332,0.0695866478091586,0.0,0.0426551660361336,0.0284495070520623,0.0140795225568487,0.0425557299895116
,,,,11.469184027777777,0.0724892451968649,0.0,0.0441544638264687,0.0289345413353883,0.0143562397971425,0.0432913202667545
,,,,11.48003472222222,0.073634118056332,0.0,0.0441221574587362,0.0296534957849708,0.0146415599389046,0.0447867236037628
,,,,11.490885416666666,0.0755280412061087,0.0,0.0452671756943944,0.0305815616535131,0.0152922268029081,0.0454625164597947
,,,,11.50173611111111,0.0768821600422691,0.0,0.0459010266968736,0.0304328060869162,0.0155651317811725,0.0462032761026511
,,,,11.512586805555555,0.0782194958859356,0.0,0.0472811908516034,0.0317988611798422,0.01592416365966,0.0474267688807994
,,,,11.5234375,0.0809627193693142,0.0,0.0482288353531669,0.0322966093802266,0.0160547849729479,0.0485975157246897
,,,,11.534288194444445,0.0817267225902994,0.0,0.0491593442684651,0.0328603783295877,0.0163374504479668,0.0494834614910965
,,,,11.54513888888889,0.0834608009560022,0.0,0.0497320414692882,0.0330057191815736,0.0167229772293794,0.0498303980977338
,,,,11.555989583333332,0.0847407208423777,0.0,0.050844785704124,0.0334299767008335,0.0170023180393728,0.0505884561016472
,,,,11.566840277777777,0.0856648351163638,0.0,0.0515602259003402,0.0346171474762634,0.017077071435256,0.0510913735285549
,,,,11.57769097222222,0.0869350531057067,0.0,0.0518385579620863,0.0350659640679893,0.0172329946759457,0.0519567010918911
,,,,11.588541666666666,0.0887842493362824,0.0,0.0529381274509827,0.0354869132088841,0.0178376141906175,0.0528338387580079
,,,,11.59939236111111,0.090087390281987,0.0,0.0535344452134787,0.0358036947040267,0.0177881454366258,0.053548004167889
,,,,11.610243055555555,0.0903712743573039,0.0,0.0541920409245913,0.0361293721591238,0.0183115527600175,0.0548617935698617
,,,,11.62109375,0.091023915473534,0.9079903372799536,0.054833018652415,0.036443744150109,0.0184253880765902,0.054914843282589
,,,,11.631944444444445,0.0922393849526479,0.9217873820680488,0.055755688006489,0.0369562106849549,0.0184279468719086,0.0550679788362619
,,,,11.64279513888889,0.0939898816440358,0.9291941185032956,0.0556595943744933,0.0373379828903118,0.0186913151042268,0.0557034090621695
,,,,11.653645833333332,0.0943637931058071,0.942903204763966,0.0562989444692264,0.0374317623851418,0.0187943450799737,0.0568052958750742
,,,,11.664496527777777,0.0951224585581034,0.9615723582673664,0.0567600067585687,0.0379852710738394,0.0190833223110185,0.0574382098953695
,,,,11.67534722222222,0.0953122429925455,0.954705038534999,0.0573154907539436,0.0381761604517293,0.0191991333136698,0.0579278536298999
,,,,11.686197916666666,0.096084784946855,0.9602760497787304,0.0576454707366975,0.0386059710717714,0.01923078746229,0.0573545894103479
,,,,11.69704861111111,0.0969566488156423,0.961734103175281,0.0585777289530874,0.0386487007821389,0.019393816833984,0.0576160071352708
,,,,11.707899305555555,0.0977997805618734,0.9661310059159314,0.0586557880772858,0.0391409886636103,0.0195019886447543,0.058664432682931
,,,,11.71875,0.0966976353908192,0.985691610684816,0.0585302324721895,0.0394962934828436,0.0195400086787837,0.0585820919296917
,,,,11.729600694444445,0.0978379150738158,0.985779875596246,0.0589174218057893,0.0395905639845215,0.0197337079320659,0.0590815921873144
,,,,11.74045138888889,0.0988373276214078,0.9853951351612686,0.0592095968387507,0.0398959934279832,0.0196359914025935,0.0588999433659422
,,,,11.751302083333332,0.0995406543044835,1.0004506619529558,0.0599952105446695,0.0396741708346922,0.020096846077761,0.0595852079343001
,,,,11.762152777777777,0.0988725459788163,0.9973912110288922,0.0598626082702326,0.039810438392381,0.0199051734723399,0.0588293758543669
,,,,11.77300347222222,0.0992714068285616,0.9976026599313204,0.0598013482159516,0.0399954793472946,0.019911238532071,0.0595950839300727
,,,,11.783854166666666,0.0997491948212652,0.9997083273077888,0.0602231408982033,0.040220876657415,0.0201564250075139,0.0603051532440284
,,,,11.79470486111111,0.0995371500114799,1.0062054571951071,0.0595530682642977,0.0397346487305538,0.0200092523213378,0.0597924781702417
,,,,11.805555555555555,0.0996983020872303,1.004983090803072,0.0602455732068384,0.0400151886945013,0.0200637329123619,0.0600425134683802
,,,,11.81640625,0.1005210359405823,0.996965976248233,0.0600815048418603,0.0398704291107744,0.0199324053621042,0.0599119566521915
,,,,11.827256944444445,0.1000256141107203,1.0042794618995046,0.0602455853177308,0.0398013780093466,0.0199738884421411,0.0594573872562644
,,,,11.83810763888889,0.1003253822215149,0.9958259524917066,0.0603408786260904,0.0398416804006654,0.0199584846971823,0.0593038068653741
,,,,11.848958333333332,0.0994682579195767,0.9955447868589484,0.0594866486235186,0.0396387037287764,0.0198528360631615,0.0598871202528922
,,,,11.859809027777777,0.0990611201349958,0.9881755976946004,0.0596350516894299,0.0397555610502449,0.0198671019176968,0.0595416242377301
,,,,11.87065972222222,0.0987522333486228,0.983469839263298,0.059087011875466,0.0398269579004191,0.0197934368268539,0.0591271414636939
,,,,11.881510416666666,0.0980773964778798,0.9922778667419024,0.0589565346590429,0.0392583243262276,0.0197449019966843,0.0582114619240872
,,,,11.89236111111111,0.0985270217690904,0.9824972150826274,0.0592876467575042,0.0396319806770149,0.0195669291061538,0.0592672486047876
,,,,11.903211805555555,0.0979666305124497,0.9875619046705724,0.0586146341705236,0.0392072237890296,0.0195289604085691,0.0586440624877586
,,,,11.9140625,0.0973810977893183,0.9683360138507466,0.0580983558512099,0.0387887024993179,0.019375637812178,0.0585898636586352
,,,,11.924913194444445,0.0968502379977563,0.9572935279224516,0.0574384255761285,0.0387202609194839,0.0191477744899027,0.0574440397033648
,,,,11.93576388888889,0.0962975271011215,0.9556076074379568,0.0576516576959593,0.038205887741276,0.0192392715730842,0.0579203798192424
,,,,11.946614583333332,0.0951117376266172,0.9557172190112536,0.0571699131651032,0.0382329471222375,0.0189408183288952,0.0575057790492042
,,,,11.957465277777777,0.0936674947312017,0.9457206880885014,0.056206368870468,0.0376367312774205,0.0185805345990147,0.056482303240133
,,,,11.96831597222222,0.0937148155315945,0.9427583658689322,0.0564919095830415,0.0378470319073594,0.0186767536758529,0.0558898799727366
,,,,11.979166666666666,0.0921927602183581,0.9270554383652698,0.0551510365563517,0.0367862619374935,0.01836751497669,0.0551370526819571
,,,,11.99001736111111,0.0909983406841823,0.9119278193768444,0.0551373380702677,0.0367212647446605,0.0182537277063418,0.0551916693984905
,,,,12.000868055555555,0.0899714762308057,0.902963521678792,0.0545237821267844,0.0361191152099185,0.0179420851788748,0.0543879840331175
,,,,12.01171875,0.0898256219533707,0.8834565299619177,0.0540442916378282,0.0354509793455144,0.0180020843580074,0.0535825804847458
,,,,12.022569444444445,0.0877288564532824,0.881537918927324,0.0525905589885733,0.0349338983052523,0.0174308909118109,0.0527858967500733
,,,,12.03342013888889,0.0859082973792456,0.8785676912759832,0.0521770918353777,0.0352239419218795,0.0175228047111986,0.0519550836016756
,,,,12.044270833333332,0.08489792607855,0.8575074319545585,0.0506400590246969,0.0341273963834786,0.0172997686832745,0.0515853078006633
,,,,12.055121527777777,0.084295772423681,0.8493978221592656,0.0508850081617092,0.0340860247514765,0.0166983914383482,0.0506745996662437
,,,,12.06597222222222,0.0833008056825064,0.8336393685767122,0.0498703407277622,0.03338148672223,0.0164552831745039,0.0500260648814864
,,,,12.076822916666666,0.0817883660474329,0.8109440771558877,0.0489457230301732,0.0327627992442556,0.0164148014057793,0.049148828297171
,,,,12.08767361111111,0.0803517323241478,0.8032072424084117,0.0481587590025666,0.0322589166938393,0.016094937952692,0.0480562705758731
,,,,12.098524305555555,0.0787792458307221,0.7843645645430325,0.0475884284701596,0.0312982909807686,0.0157049550053009,0.0475208954384345
,,,,12.109375,0.0771830977807441,0.7740442294159147,0.0467780371700605,0.0308070745929885,0.015518711978044,0.0466389588662985
,,,,12.120225694444445,0.075874423662165,0.7548286110907684,0.0455054160763338,0.0302895182026154,0.015046238828806,0.045464799084797
,,,,12.13107638888889,0.0728744807425042,0.7424951299637431,0.044061239970776,0.0296662181000778,0.0148444910895235,0.0440477627766914
,,,,12.141927083333332,0.0727797053998633,0.7163334274810684,0.043881326774109,0.0286220194354125,0.0145508263103591,0.0426826704820229
,,,,12.152777777777777,0.0709351130011995,0.7065595032930867,0.0427593459149836,0.0284431972904449,0.0140650968736514,0.0424755343898273
,,,,12.16362847222222,0.0681135335869643,0.6842073058125632,0.0415487806022768,0.0277830320812354,0.0138694377657836,0.0415823836914649
,,,,12.174479166666666,0.0672383944311663,0.6710487938684357,0.040111169967757,0.0270700894717055,0.0134654981133602,0.0402427197306366
,,,,12.18532986111111,0.0657328580256228,0.6514132607856905,0.038969565402313,0.0261430076125345,0.0130468297495033,0.0393425728084811
,,,,12.196180555555555,0.0632462241939059,0.6329498074299913,0.038097657743683,0.0253602128693396,0.0127471227583585,0.0379589572236142
,,,,12.20703125,0.0610508500944557,0.6146820598322577,0.0373326454982298,0.0243886854044804,0.012320858141497,0.0366259169457097
,,,,12.217881944444445,0.0590123830995443,0.5902793289670417,0.0360063788783564,0.0237841848048562,0.0119051139239681,0.0358445447723037
,,,,12.22873263888889,0.0577539730574357,0.5750764421279251,0.0345036565516133,0.0230263603173957,0.0114825927703485,0.0343605901537888
,,,,12.239583333333332,0.054653557128485,0.5613369972357931,0.0333014284865639,0.0223587902918866,0.0110530653481641,0.0341109414834078
,,,,12.250434027777777,0.0541403476965277,0.5361135057952073,0.0319662412969883,0.0213051040131296,0.0107055654156911,0.0323064762430521
,,,,12.26128472222222,0.0516028095962241,0.512493765673278,0.0308254227161879,0.0203596812544675,0.0102203805530478,0.0303789013553146
,,,,12.272135416666666,0.0480049554425604,0.4964648086598797,0.0292606947121518,0.0198867063096075,0.0101632175596381,0.0293069918362842
,,,,12.28298611111111,0.0480851009101927,0.4683652973434101,0.0287957275157409,0.018828208417565,0.0093697339879844,0.0281717486740729
,,,,12.293836805555555,0.045812974226874,0.4480468039001452,0.0261882530276874,0.0182232642226515,0.009078860337471,0.0269670361218891
,,,,12.3046875,0.0422360756669495,0.4355555534892616,0.0258572926309212,0.0171322094263569,0.0086652078898822,0.0255232606447595
,,,,12.315538194444445,0.0404947911077527,0.4073105744726516,0.0244074973342414,0.4021567046326105,0.0080191302902603,0.0246938607778458
,,,,12.32638888888889,0.038827884556192,0.3810224206013729,0.023129499392078,0.3799332789010291,0.007692554987606,0.0225794481108931
,,,,12.337239583333332,0.0368444404997496,0.3436838347322072,0.0218583380668105,0.3570741904316343,0.007198695047372,0.0218857046585821
,,,,12.348090277777777,0.0341850150556081,0.3365882093131193,0.0199390672969599,0.337940350039875,0.0065780686565548,0.0199112754375887
,,,,12.35894097222222,0.0315357426061134,0.3116794724428816,0.0181733945546919,0.3160835590847994,0.0061397906675631,0.0183150131786252
,,,,12.369791666666666,0.0296162797014613,0.2866570102245205,0.0175599061977489,0.2942911491846164,0.0056317886619661,0.0173829520080968
,,,,12.38064236111111,0.025620478938359,0.2619331350301579,0.0151364994261773,0.2671763627697622,0.0050022902056909,0.0157863589380245
,,,,12.391493055555555,0.0249235852769824,0.246524600611194,0.0147507575264802,0.2377480824852566,0.0049918263022676,0.0144597684598028
,,,,12.40234375,0.0224791387217562,0.2114891067998175,0.0131029223636265,0.2231517502779378,0.0044060175776335,0.0129139136593756
,,,,12.413194444444445,0.0192878575226444,0.1952716617936923,0.0114381103777915,0.1915333103916258,0.0038223736538886,0.0118989599486189
,,,,12.42404513888889,0.0169522774646315,0.1679490152380001,0.0107223140231708,0.1715653596043559,0.0033379330542033,0.0103227437616625
,,,,12.434895833333332,0.0156577460718893,0.138218019680184,0.0083014676410717,0.145694540593517,0.0027512552733999,0.0090455672174373
,,,,12.445746527777777,0.0127622939713499,0.1213646480362138,0.0072173490750439,0.1267044812951436,0.0024564331303307,0.0070221038497631
,,,,12.45659722222222,0.0097769746205719,0.0974979182922172,0.0061382525187952,0.1017632197174454,0.0020111098109533,0.0054802106722612
,,,,12.467447916666666,0.0059582408909009,0.0652942920588138,0.0044292066130779,0.0723059124369121,0.0016715425788546,0.0047584436612152
,,,,12.47829861111111,0.0049165056152254,0.0503130612909494,0.0027924756548424,0.0589644825669561,0.0009941856179552,0.0030190135844238
,,,,12.489149305555555,0.0027090615725255,0.0265137506241052,0.0018371971635146,0.0241094813863667,0.0004708018923641,0.0012108508039742
,,,,12.5,0.000562404297364,-0.0035787474843989,5.533310721484447e-05,-0.000266247744077,3.901299202303692e-05,-6.505670343937894e-05
,,,,12.510850694444445,-0.0023260757913942,-0.0237631340759891,-0.0011839709987205,-0.026180574057772,-0.0005097419681247,-0.0012366564304816
,,,,12.52170138888889,-0.0052385637147854,-0.0520149722313988,-0.0028977622441806,-0.0580189763232143,-0.0009906310295737,-0.002688725116336
,,,,12.532552083333332,-0.0073549964904148,-0.0750960432397405,-0.0043289105473821,-0.0648312795182682,-0.0014697990154392,-0.0046685864080922
,,,,12.543402777777777,-0.0097028560273983,-0.0909278050891027,-0.0051084095924284,-0.1024560296565575,-0.0020178421282676,-0.0059125423460848
,,,,12.55425347222222,-0.0124329940043622,-0.1166161802639903,-0.0083338218822817,-0.1222385612962633,-0.0024908977949313,-0.006987497708385
,,,,12.565104166666666,-0.0149031428052458,-0.1459039361612039,-0.0088895325538449,-0.1393833191318724,-0.0028187110967056,-0.0087586200720897
,,,,12.57595486111111,-0.0168260862090828,-0.1764366532593543,-0.0103702935456121,-0.1708042070942727,-0.0034480920953139,-0.0104190700644324
,,,,12.586805555555555,-0.0188908009342901,-0.1926689389890775,-0.0118820701618476,-0.1938149342436068,-0.0038246128484338,-0.0117143944545357
,,,,12.59765625,-0.02236957385652,-0.2246309927060388,-0.0128106681899314,-0.2243385540492083,-0.004306546948735,-0.0128619854325416
,,,,12.608506944444445,-0.0240607781200493,-0.2450712126999719,-0.0145369754450944,-0.2433485464276862,-0.0048855622733909,-0.0141004626702493
,,,,12.61935763888889,-0.0266713974464201,-0.2760004794970992,-0.0160499445390525,-0.2652467246563305,-0.005453827524383,-0.0162893618124374
,,,,12.630208333333332,-0.0290299554881522,-0.2867286379952421,-0.0173523987087555,-0.2804542329317265,-0.0056399006073664,-0.0173494071584439
,,,,12.641059027777777,-0.0322214053869137,-0.3071730015932443,-0.0185486494734679,-0.3136831166854492,-0.0062388009088287,-0.019287247082951
,,,,12.65190972222222,-0.0339428959156023,-0.3439366671637002,-0.0197620607168562,-0.3345512176350191,-0.0067855774331776,-0.0204822793589898
,,,,12.662760416666666,-0.0360318544894119,-0.3569156237811621,-0.0213693178488368,-0.3704473265401007,-0.0071837779312561,-0.0214872388950625
,,,,12.67361111111111,-0.0388674480931587,-0.3925673952716519,-0.0231900902538694,-0.3870792540093692,-0.007697006960445,-0.0228600616699993
,,,,12.684461805555555,-0.040364183622924,-0.4096836045010987,-0.0241089544130745,-0.4034051217464258,-0.007924645456554,-0.0240543386883426
,,,,12.6953125,-0.0433969683249298,-0.4259398526503239,-0.0257070268600972,-0.4161695438536181,-0.0085169306748925,-0.0259533596431139
,,,,12.706163194444445,-0.0446178932631576,-0.459199064249674,-0.0272249727153415,-0.4492091397730888,-0.0091839098594489,-0.0258620940156818
,,,,12.71701388888889,-0.0469830092808997,-0.4665467929736657,-0.02805663148846,-0.4782499636661724,-0.0094883822085501,-0.0280912622087096
,,,,12.727864583333332,-0.0497068456808236,-0.4955060625480043,-0.0296484277446988,-0.5004330544584629,-0.0099353033368739,-0.0295233763276683
,,,,12.738715277777777,-0.0519187023394934,-0.519449805415835,-0.0315453870525985,-0.5164292598284346,-0.0103103908386939,-0.0311156564155315
,,,,12.74956597222222,-0.053955902044295,-0.5451916969367657,-0.032048019434476,-0.5443532158214389,-0.0108841782158925,-0.0319549049126494
,,,,12.760416666666666,-0.0560622922733973,-0.5594552174285502,-0.0331943440390726,-0.5528872527096721,-0.010968739526176,-0.0332666513112242
,,,,12.77126736111111,-0.0581027758234116,-0.5718935617420576,-0.0344839653440816,-0.5727172370536665,-0.0116121596098907,-0.0342126275665877
,,,,12.782118055555555,-0.0585301331636252,-0.5972642758481286,-0.0350526086358345,-0.5982211076482479,-0.011931671666776,-0.0359444554645109
,,,,12.79296875,-0.061628194733153,-0.6127285096521186,-0.0374084421190951,-0.6113224853897661,-0.0124988449196942,-0.036380304848357
,,,,12.803819444444445,-0.0630564232430094,-0.6318848922532334,-0.0382151445446992,-0.6335269400822788,-0.0128247504561483,-0.0384922049750053
,,,,12.81467013888889,-0.0652911764628762,-0.65347894127733,-0.0387057062752963,-0.6546938471241954,-0.013103991258822,-0.0391892939496821
,,,,12.825520833333332,-0.0676782061039133,-0.6651933740035407,-0.0407300569224634,-0.677106375232479,-0.0136415452077622,-0.0409297432545172
,,,,12.836371527777777,-0.0686502724845537,-0.6952827926508216,-0.04137890979482,-0.6847148578153431,-0.0138139463972664,-0.0418826011608603
,,,,12.84722222222222,-0.0712925443021836,-0.7056487509370003,-0.0419517201757308,-0.7150677390042423,-0.0140854512985453,-0.0429677547044357
,,,,12.858072916666666,-0.0717359978543463,-0.7260945100252704,-0.0435523591415318,-0.7308230881334219,-0.0145123026054378,-0.0430328056703015
,,,,12.86892361111111,-0.074166602318484,-0.7416889247340074,-0.0449307724392533,-0.7378459867133921,-0.0148402536121341,-0.0440831014126166
,,,,12.879774305555555,-0.0758767900280326,-0.7649573417586439,-0.0454614570816443,-0.7595779625249224,-0.0150805681894831,-0.0456290281324129
,,,,12.890625,-0.0775374423071713,-0.7796483561327895,-0.0463910906826818,-0.7759259012637707,-0.0153886384194542,-0.046438560617174
,,,,12.901475694444445,-0.07861395086545,-0.7822472803179383,-0.047417828548474,-0.7773408483211575,-0.0157467154626331,-0.0474810067323783
,,,,12.91232638888889,-0.0807745827220892,-0.7987387192280657,-0.0489290444037888,-0.8096117862444226,-0.0159255889077868,-0.0484231951279216
,,,,12.923177083333332,-0.0821179900851811,-0.8179882587042362,-0.0492507281899316,-0.8255882135640426,-0.0164371616394872,-0.0489284693607397
,,,,12.934027777777777,-0.0829632602951296,-0.8301023533309565,-0.049730346441025,-0.8369835542444799,-0.0164906322964456,-0.0501095360374031
,,,,12.94487847222222,-0.083547963857643,-0.8428700075853545,-0.0507262998978053,-0.8481842175996597,-0.0168304312191375,-0.0506105314071954
,,,,12.955729166666666,-0.0854229192741949,-0.8534407915026251,-0.0510673893424972,-0.8551930472998529,-0.0172281508859264,-0.0517493055864557
,,,,12.96657986111111,-0.0875611506703224,-0.8671320031708217,-0.052132544562148,-0.8638421660367235,-0.0174492456211586,-0.0519568530923277
,,,,12.977430555555555,-0.0890175458566742,-0.8833393658212423,-0.0528496777712357,-0.8873523776352761,-0.01770991994336,-0.0528617953611754
,,,,12.98828125,-0.0895922030445622,-0.8913854815554437,-0.0536181355008483,-0.895091978208921,-0.0179629640293637,-0.0534720736475485
,,,,12.999131944444445,-0.0909110472717646,-0.900317546732315,-0.0540095662890253,-0.9040435930200876,-0.0180415322468788,-0.0538434202860885
,,,,13.00998263888889,-0.0925393713837097,-0.9116103523026124,-0.055199712212304,-0.9105080725401488,-0.0180446532831797,-0.0545541730235164
,,,,13.020833333333332,-0.0928559313291826,-0.935699786534285,-0.0554223083059047,-0.929711644839065,-0.0186130827274781,-0.0557935666125958
,,,,13.031684027777777,-0.0937382358726654,-0.9255047821724892,-0.0561882591093607,-0.9321471754595038,-0.0186065470903317,-0.0558340012670148
,,,,13.04253472222222,-0.093886191511082,-0.9357066280260656,-0.0568323462086729,-0.9362694423127068,-0.0188205613201621,-0.0569343803758321
,,,,13.053385416666666,-0.0938966935892667,-0.9471322111679412,-0.0569271701305869,-0.9539366112518592,-0.0187932079743971,-0.0570373242571158
,,,,13.06423611111111,-0.0963098998088183,-0.959312507189662,-0.0573676005155906,-0.9588789559175794,-0.0190325786893833,-0.0578538525686575
,,,,13.075086805555555,-0.09660542974443,-0.9801962430126658,-0.0576731621378711,-0.9599737562773468,-0.0190903079459083,-0.0579610924615965
,,,,13.0859375,-0.0972198893998712,-0.9703728180537248,-0.0586974538397853,-0.9716769445705616,-0.0193979515540151,-0.0581888988908008
,,,,13.096788194444445,-0.097919719390425,-0.9760765731720872,-0.0588059583189293,-0.9741977004208676,-0.0194830486174256,-0.058954522464199
,,,,13.10763888888889,-0.0974349728167057,-0.9807370414065132,-0.0591874493921491,-0.9729722439290184,-0.0196551678535366,-0.05960636528098
,,,,13.118489583333332,-0.09850095375372,-0.9865337511099408,-0.0592128040289343,-0.9860848801014318,-0.019737898075009,-0.0596938779658504
,,,,13.129340277777777,-0.0993759235700741,-0.9971094097590332,-0.0596369990137989,-0.9862376105281228,-0.019633713736237,-0.0594122926945921
,,,,13.14019097222222,-0.0988948352355922,-0.9958466842718412,-0.0598081606174793,-0.993708421261466,-0.0198574410236969,-0.0591736823397353
,,,,13.151041666666666,-0.0997319053315535,-1.0065298038940116,-0.0591859590449919,-1.0001165040227389,-0.0200192738374439,-0.0603896915682971
,,,,13.16189236111111,-0.0999560174121372,-0.9896359088488113,-0.0599509733135665,-1.007497544731429,-0.0199381408583927,-0.0598176454668184
,,,,13.172743055555555,-0.1000796874230296,-0.992613875957989,-0.0594637241636027,-1.008040422907173,-0.0200883776604801,-0.0598720465346753
,,,,13.18359375,-0.1000418397019882,-0.9942912210543384,-0.0597785604352844,-0.9992222476897494,-0.0199879880679316,-0.0599706871296765
,,,,13.194444444444445,-0.0995898009943375,-1.0053581995116343,-0.060255533651367,-0.9973496730290506,-0.0200985442732258,-0.059988863096788
,,,,13.20529513888889,-0.1002383574892112,-0.9977617064161656,-0.0601838911282543,-1.0029342098301746,-0.0198534303132241,-0.0601386193775578
,,,,13.216145833333332,-0.0997391625762257,-0.990421745341807,-0.0597885101027329,-0.999419064639834,-0.019969623062287,-0.0601560713643284
,,,,13.226996527777777,-0.0986099316520138,-0.9968921005614828,-0.0598127003514142,-0.990273964317406,-0.0199482311422446,-0.0597416125689344
,,,,13.23784722222222,-0.1000609197286955,-0.9932953401496974,-0.0596308596689747,-0.9937405815142644,-0.0199114971468513,-0.0593746239818899
,,,,13.248697916666666,-0.0992486184665821,-0.9872561637633448,-0.0592463014007663,-0.9962167868169696,-0.0200010716635783,-0.0597258234203162
,,,,13.25954861111111,-0.0983263682044228,-0.9827303269460336,-0.0594052766362961,-0.9937043449521186,-0.0197620773488286,-0.0594082899869206
,,,,13.270399305555555,-0.0986944132992043,-0.9934331600119743,-0.0590154939527081,-0.9885986963221384,-0.0195295710590761,-0.0593587944081777
,,,,13.28125,-0.098907724464934,-0.9803306667095646,-0.0593388644874448,-0.9836232513539448,-0.0195478743562788,-0.0592363764333974
,,,,13.292100694444445,-0.0983179202835011,-0.9780995280842144,-0.0583028755336899,-0.9691452249123276,-0.0196024627889441,-0.0585336679818196
,,,,13.30295138888889,-0.0967682775914387,-0.9714078090047786,-0.0585782807391713,-0.9608895154379988,-0.0190935505635863,-0.0582681826935737
,,,,13.313802083333332,-0.0966751860597043,-0.9589360935935172,-0.0581676082383568,-0.9621067600391232,-0.0192048110290803,-0.0582659828840587
,,,,13.324652777777777,-0.0962183646041188,-0.9598910007401054,-0.0572904253145143,-0.954290533694033,-0.019225758502038,-0.0569972014345321
,,,,13.33550347222222,-0.0944615852305518,-0.9440460129096292,-0.0573584658631701,-0.9491689666568416,-0.0189080218407779,-0.0565869402964141
,,,,13.346354166666666,-0.0939078311230498,-0.9463855441477472,-0.0568713513228084,-0.9481990621317862,-0.0187410929102723,-0.0565371846871486
,,,,13.35720486111111,-0.09417362762111,-0.9327391827079434,-0.0556317070630839,-0.9359357422516604,-0.0184943974702853,-0.0557133643734579
,,,,13.368055555555555,-0.0927955084462471,-0.924715094460672,-0.0549258050259644,-0.9326430391144752,-0.0183828346888976,-0.0551862126296178
,,,,13.37890625,-0.0915365904446914,-0.9111448614806448,-0.0544205712068596,-0.9224615248244602,-0.0183043352097839,-0.0550960912216484
,,,,13.389756944444445,-0.0900661215901877,-0.9032565198823242,-0.0542427593338168,-0.9011062867152464,-0.0180062629002553,-0.0545570194423318
,,,,13.40060763888889,-0.088719885126598,-0.8852559002710989,-0.0534264949309722,-0.8909805421748602,-0.0179470195235555,-0.0535376398178101
,,,,13.411458333333332,-0.0875611871975875,-0.8786974744986212,-0.0533206438329023,-0.8787031997150397,-0.0177657628886589,-0.0534926440968788
,,,,13.422309027777777,-0.0872194679459318,-0.8723300160271606,-0.0524526760931935,-0.8635697384627335,-0.0175248189370052,-0.0522512949601773
,,,,13.43315972222222,-0.0857512030428277,-0.860087360246928,-0.0520542081875983,-0.8567471159294617,-0.0170162885284991,-0.0515774608373558
,,,,13.444010416666666,-0.0848232063568462,-0.8390373038585517,-0.0507673955371865,-0.8375113731161817,-0.0170013822110486,-0.0508174267366792
,,,,13.45486111111111,-0.0829592109892713,-0.8265879318067404,-0.0498762130832412,-0.8276720867228681,-0.0167489880873383,-0.0492769937379933
,,,,13.465711805555555,-0.0812147836069047,-0.8176060507219965,-0.0485572796695176,-0.8228465940183489,-0.0161591412180152,-0.0495319172325046
,,,,13.4765625,-0.0813033396054822,-0.8018299294150617,-0.0481234896583742,-0.7968003032769189,-0.0160879964616786,-0.0474566836805532
,,,,13.487413194444445,-0.079395357714677,-0.7868505186728393,-0.0469713021755024,-0.7892810617418949,-0.0157442994793904,-0.0472360057134221
,,,,13.49826388888889,-0.0774521967919477,-0.778112302535024,-0.0464260278335669,-0.775185141604106,-0.0153516535986784,-0.0456975251414063
,,,,13.509114583333332,-0.0759458485134461,-0.7526259816697127,-0.0455540506225701,-0.7532199750277407,-0.015149816956443,-0.0456151673004411
,,,,13.519965277777777,-0.0743505393514631,-0.7396763213370224,-0.0448573894911273,-0.7560595337933333,-0.0147219420089426,-0.0441191107489507
,,,,13.53081597222222,-0.0726770045699404,-0.725030673380375,-0.0439967582006205,-0.7290017897129853,-0.014553063874467,-0.0434358194961044
,,,,13.541666666666666,-0.0704494954556189,-0.7031028375735414,-0.0424912703459713,-0.7069859922721282,-0.0138901320415331,-0.0423341635069649
,,,,13.55251736111111,-0.069351360583586,-0.6933205782310132,-0.0413309090295351,-0.6810177267729322,-0.0136644925035574,-0.0413929188462161
,,,,13.563368055555555,-0.0673235233279421,-0.6693188863602931,-0.0402017562313049,-0.6731617322963697,-0.0134899169101812,-0.040534219769889
,,,,13.57421875,-0.0657820955831969,-0.6542487300812037,-0.0392156903302544,-0.660589270244109,-0.01308091577976,-0.0387212251303754
,,,,13.585069444444445,-0.0630058930714159,-0.6411935520333668,-0.0387838831045105,-0.6373430555514703,-0.012689664027191,-0.0382867225717452
,,,,13.59592013888889,-0.0614373096950026,-0.6113651644644424,-0.0367836411669753,-0.6093667150427966,-0.0124850415812276,-0.0368894090765121
,,,,13.606770833333332,-0.0596763184933939,-0.5983565448591149,-0.0354085430371521,-0.5962270331220416,-0.0117578579858887,-0.0357208689356422
,,,,13.617621527777777,-0.0561681182690104,-0.5724612257381485,-0.0347676247990054,-0.5741434508519169,-0.011580550984171,-0.0347770030811019
,,,,13.62847222222222,-0.0556873295317926,-0.5545922243838094,-0.0341137914223095,-0.5593213895757326,-0.0112102404496964,-0.0336800797257044
,,,,13.639322916666666,-0.0538692243030692,-0.5352528647818302,-0.0320385331385392,-0.548581792646994,-0.0106887319324921,-0.0316441050382962
,,,,13.65017361111111,-0.0522442479230865,-0.5133879317180936,-0.0307237994328283,-0.5081396999892616,-0.0103521143723723,-0.0310615766747696
,,,,13.661024305555555,-0.0496617116102048,-0.4933176905772809,-0.0294576812184189,-0.4961180796820039,-0.0098128467265216,-0.0294982422044866
,,,,13.671875,-0.0474932730623306,-0.4719247868561472,-0.0280355837907104,-0.4756609052412183,-0.0092590499437795,-0.0284904801974817
,,,,13.682725694444445,-0.0438290157263803,-0.4443969462699497,-0.0269260563479025,-0.4531849998581798,-0.0088785175040276,-0.02724806333322
,,,,13.69357638888889,-0.043187916859378,-0.4315069555081148,-0.025889883278323,-0.4278434987084297,-0.0087491380519039,-0.0257320250497014
,,,,13.704427083333332,-0.0410542947238662,-0.4057651178390778,-0.0242144044658214,-0.404466030122343,-0.0080309670144222,-0.0240369626104995
,,,,13.715277777777777,-0.0380175445652953,-0.3817298086475412,-0.0233755585007275,-0.3821219854485026,-0.0078884306314441,-0.0224474797586598
,,,,13.72612847222222,-0.0351007495468742,-0.3484006580220129,-0.0214059130444708,-0.3560172048165573,-0.0071582078431359,-0.0215348216063211
,,,,13.736979166666666,-0.0337791302165425,-0.3474881124611683,-0.0199475594283916,-0.3325559316759011,-0.0067765683347244,-0.0205841518068233
,,,,13.74782986111111,-0.0313738802605372,-0.313335527014644,-0.0187959021837342,-0.322954280661377,-0.0062249660659631,-0.0188875199343915
,,,,13.758680555555555,-0.0291642070622823,-0.288073675620379,-0.0176451150203917,-0.2963527485957405,-0.0058164000128104,-0.0177148620477785
,,,,13.76953125,-0.0274714180170893,-0.2712427839903875,-0.0155465021605614,-0.268114647297635,-0.005392883329834,-0.0155853002019911
,,,,13.780381944444445,-0.0243909582310837,-0.2422914857628277,-0.0148020349713569,-0.245136785562793,-0.0047514875617747,-0.014422654275323
,,,,13.79123263888889,-0.0224411265459708,-0.2190921982191135,-0.0140463077403643,-0.2201223812132111,-0.0044849607867435,-0.0135761507705668
,,,,13.802083333333332,-0.0193590727676494,-0.1962518566567384,-0.0117493166773923,-0.1994405380651567,-0.0038370025519178,-0.0114296696163612
,,,,13.812934027777777,-0.0179173567754687,-0.1673543937325566,-0.0102391062737646,-0.1645836117352639,-0.0034441154600462,-0.0102627102115235
,,,,13.82378472222222,-0.0141504485524578,-0.151133881750778,-0.0088416419092135,-0.1397017420783835,-0.0028113184125734,-0.0089991726019515
,,,,13.834635416666666,-0.0122692859914266,-0.1265039397120718,-0.0066429457268888,-0.1248169807994813,-0.0022511617032581,-0.0077969256488621
,,,,13.84548611111111,-0.0097339337084839,-0.0991326130166913,-0.0057304895193748,-0.1010690118975835,-0.0020287168287716,-0.0059242029513007
,,,,13.856336805555555,-0.0068395841627133,-0.0763239735004173,-0.0043742686641079,-0.0734207434178708,-0.0015323137121169,-0.0046789939860032
,,,,13.8671875,-0.0045304316887275,-0.0554985046420602,-0.0026816545926258,-0.048917719328279,-0.0010860129434038,-0.0030109048048323
,,,,13.878038194444445,-0.0029209813949737,-0.0233881783606904,-0.0016237772682891,-0.0280435533308245,-0.0004897273948052,-0.0013475451035911
,,,,13.88888888888889,-0.0003755350496112,-0.0030047181969244,-7.466594121404306e-05,-0.0089462180867337,3.5955583017015853e-06,-0.0001078429961352
,,,,13.899739583333332,0.0018462205791565,0.0298040023425429,0.0012854082723387,0.0331615129738387,0.0004135824675621,0.0014901613533036
,,,,13.910590277777777,0.0051764588219676,0.0570320793154788,0.0027179430797019,0.0525194907025496,0.0009196118225682,0.0029989449424119
,,,,13.92144097222222,0.0076495572441153,0.0741402071505978,0.0046264266170761,0.0646992552899623,0.0014601894397261,0.0041429786699142
,,,,13.932291666666666,0.0096007526736306,0.1074952320374642,0.0058752209294879,0.1023630377977805,0.001878749601527,0.0054852242122845
,,,,13.94314236111111,0.0121875370156594,0.1146180439339405,0.0074533711688729,0.1221654128109761,0.0025522245922465,0.0074231651351657
,,,,13.953993055555555,0.0148748714882042,0.144556028629853,0.0089341785940606,0.1453988963732595,0.0027945983586565,0.0086386329869359
,,,,13.96484375,0.0169206760665208,0.1702270474907796,0.0101942179298392,0.1657835930538,0.0031456189655125,0.0102230226975906
,,,,13.975694444444445,0.0195609651992218,0.1937580670356009,0.0115612580628881,0.194559223580313,0.0039438515919169,0.0119741183060588
,,,,13.986545138888888,0.02179601447463,0.2120602316532547,0.0136280510777102,0.22166180704123,0.0043659909742576,0.0129896689712677
,,,,13.997395833333332,0.0240449017279392,0.2432391936245397,0.014870840030433,0.2410849260324243,0.0047215066222866,0.0142872193571301
,,,,14.008246527777777,0.0271477170566815,0.2657339734680776,0.0160543963128053,0.2742973586904306,0.005273848253302,0.0154951208093013
,,,,14.01909722222222,0.0283282463234278,0.2834487717779331,0.0176028915138325,0.2852079944814376,0.0058983345544797,0.0172771115478396
,,,,14.029947916666666,0.0319743580719699,0.3227813315975909,0.0187984696138655,0.3191752860652252,0.0061903290809008,0.0185041408230932
,,,,14.04079861111111,0.0338103630811419,0.3389165244038069,0.0203857386689113,0.3369630853319077,0.0066886465069411,0.0201343579250341
,,,,14.051649305555555,0.0359817614387024,0.3556182591269847,0.0219035735400201,0.3648703382286303,0.0073751039843622,0.021915477029519
,,,,14.0625,0.0381537937069111,0.3820394965272956,0.0228607210537395,0.3853251395336172,0.0076292886262804,0.0233615724073738
,,,,14.073350694444445,0.0401172538407884,0.4097263313381132,0.0242719932127148,0.4096141359090879,0.0081118064981024,0.0246769660544054
,,,,14.084201388888888,0.0430243305388827,0.429608073124808,0.0253425634281913,0.4243961096247008,0.0085516195078355,0.0255534019449803
,,,,14.095052083333332,0.045059282445111,0.4474189988855107,0.0268121853152306,0.4560085559160549,0.0090845108103445,0.0272705039452998
,,,,14.105902777777777,0.0471241638722955,0.470182183877657,0.027850028372763,0.4730090111045647,0.0093128728774066,0.0275791384852777
,,,,14.11675347222222,0.0484293775660333,0.4928789443166265,0.0295347430308068,0.4955851360151262,0.0098704829121462,0.0294650583954694
,,,,14.127604166666666,0.0517848354313654,0.5125070297526648,0.031781285459492,0.507845917931984,0.0102672435622204,0.0312019583246789
,,,,14.13845486111111,0.0531598502314905,0.5409192288177678,0.0318554451832889,0.5336965723818723,0.0107849018941654,0.0318880863332445
,,,,14.149305555555555,0.0556465804361273,0.570010650754127,0.0331231574218899,0.5497528705028024,0.0111918352849177,0.0336003420501092
,,,,14.16015625,0.0574972742827138,0.5788997054379701,0.0346151251696936,0.5684421271491593,0.0117803988878582,0.0343288208457573
,,,,14.171006944444445,0.0587777576258761,0.6047680431253558,0.0352109473662475,0.5880699445042172,0.0119085057426577,0.0354191457973273
,,,,14.181857638888888,0.0614449313134347,0.622934133739768,0.0370620868623124,0.6171379967903015,0.012297333008564,0.0372411458910008
,,,,14.192708333333332,0.0636748132321484,0.6395344532690059,0.0381678047164866,0.6303966600012474,0.0126705547581858,0.0377933985382554
,,,,14.203559027777777,0.0652917957639876,0.6592908102852051,0.039139168352083,0.6460466708991911,0.0132607215087612,0.0389514132357471
,,,,14.21440972222222,0.0674864349862509,0.6797953308262623,0.0406388084861833,0.67678730313583,0.0133107193030409,0.0407052910955922
,,,,14.225260416666666,0.0686055495170363,0.688858762170891,0.0417667142366599,0.6859407729244679,0.0138056085828699,0.0413383213272528
,,,,14.23611111111111,0.0700516636330426,0.714064021453485,0.0421710261963263,0.7050833735763663,0.0141727647903793,0.0424222230691468
,,,,14.246961805555555,0.0729687807015961,0.7202873819573518,0.0435847797836519,0.7224639617178182,0.0144828808837549,0.0439889666874971
,,,,14.2578125,0.0739900488205386,0.7375710896339575,0.0446639729974651,0.7445347166054966,0.0149598646985142,0.0443436973509932
,,,,14.268663194444445,0.0755089116947109,0.7519210765094979,0.0457187937026046,0.7586681873173121,0.0151407288614482,0.0453542625603991
,,,,14.279513888888888,0.0776369015702233,0.7725548001608874,0.046022868515767,0.779510727322851,0.015576968211646,0.0463437857920852
,,,,14.290364583333332,0.079391172483184,0.7929187391855197,0.0477268237338406,0.795501349689258,0.0158782491431303,0.0473133148056528
,,,,14.301215277777777,0.0802726100849352,0.8003952052366514,0.0480912509604662,0.7955583000959007,0.0158772600793602,0.0477429155187124
,,,,14.31206597222222,0.0812669553299893,0.8202797610489395,0.0491330277642814,0.8176708372622316,0.0163089966828374,0.0490573316282816
,,,,14.322916666666666,0.0830671468567263,0.8281330993427378,0.050029386697037,0.8242970896866261,0.0167835048191156,0.0496537479674399
,,,,14.33376736111111,0.0848431828515928,0.839523026177081,0.0503714617632344,0.8425094005438354,0.0169215214896076,0.0505605644643245
,,,,14.344618055555555,0.0860569888587011,0.8548697295522312,0.0515009904669134,0.8545066634316522,0.0171041155652483,0.0516282227294803
,,,,14.35546875,0.0864307071083788,0.8669132396124255,0.051610780894184,0.8742625782755744,0.0173567889740329,0.0519747317869991
,,,,14.366319444444445,0.0889011700684073,0.8848407484810137,0.052940885267748,0.8738567291846173,0.017658437410481,0.0531548663437543
,,,,14.377170138888888,0.0892526634671032,0.8907525173444694,0.0537915702244566,0.8931616215609166,0.0179200647790422,0.0533867573694175
,,,,14.388020833333332,0.0901567118126529,0.9094501505712038,0.054612245980659,0.9022684545265436,0.0179695106460246,0.0539096744973905
,,,,14.398871527777777,0.0914658522894989,0.9085853079572525,0.0556342209355572,0.8949607503140968,0.0180936953518814,0.0552230307851457
,,,,14.40972222222222,0.0923269222046356,0.9229224367667268,0.0554482120179026,0.9221505534902784,0.0184674592648714,0.055461128027201
,,,,14.420572916666666,0.0935743010970847,0.9383061579923592,0.0558140515008272,0.9272789593768878,0.0186396325927633,0.0554258152424119
,,,,14.43142361111111,0.0944444148820573,0.938331236675878,0.0564792738920658,0.9411022009198244,0.018720523277272,0.0564396006018644
,,,,14.442274305555555,0.094080317777487,0.9532595439653532,0.0566807122097204,0.955244400235085,0.0190125965386054,0.0569948167964915
,,,,14.453125,0.0964289732259988,0.9588346445855384,0.0571590575910796,0.9589854292396076,0.0190046741022709,0.0572597272350276
,,,,14.463975694444445,0.0961795504363749,0.9667435118188238,0.0581360148148442,0.9623601258282556,0.0192560144864991,0.0587405718720917
,,,,14.474826388888888,0.0977413989025597,0.976956773132989,0.0580857466648075,0.9704632444610966,0.0193660413280507,0.0581095296567416
,,,,14.485677083333332,0.097877108016042,0.9749302506410842,0.0585089610176419,0.9865461238101076,0.0195375583171775,0.0584777392792781
,,,,14.496527777777777,0.0977706105985098,0.9837354613101532,0.058387413378854,0.9811925293039891,0.0194106257222325,0.0591170746561886
,,,,14.50737847222222,0.0991087478747326,0.99025687621173,0.0596794079693962,0.982583283986662,0.0196616123244545,0.0590119054809293
,,,,14.518229166666666,0.0987050582725534,0.9955995510387804,0.0596477555545986,0.9844614260231456,0.0198655113257003,0.0590475287738274
,,,,14.52907986111111,0.0993501424100017,0.9815893381464292,0.0600292863138707,0.9831902396611266,0.0198262809163811,0.0598757455741831
,,,,14.539930555555555,0.099833541436924,0.9996961615897524,0.0594821258149635,1.0018479481919282,0.0198043789724701,0.0597023390677827
,,,,14.55078125,0.0998104984661491,0.9963578192379068,0.0602269255907819,1.000020347605579,0.0199234819433699,0.0600132506708956
,,,,14.561631944444445,0.1003744114233557,0.9921370611616788,0.0597778961319947,0.9958937696891526,0.0199661332812285,0.0599446561646601
,,,,14.572482638888888,0.1003244590204334,1.006919822948366,0.0600426641759646,1.0003049010599965,0.0199964559172927,0.0600121944070832
,,,,14.583333333333332,0.0994593382334041,0.9960652186917712,0.0602191719790696,1.004862151975929,0.0200697347348492,0.0604479287428264
,,,,14.594184027777777,0.0995299283260764,0.994321431822458,0.0598681905400075,0.9905396941958864,0.0198316662361419,0.0594925095334749
,,,,14.60503472222222,0.100115009040086,0.9942034491975916,0.0596552098428202,0.9969432765353724,0.0198474108229477,0.0599452622983749
,,,,14.615885416666666,0.099738644787444,1.0011195198734355,0.060144950908942,0.998494768617892,0.0199617592049657,0.0600563843896997
,,,,14.62673611111111,0.1000342959296749,0.999862458220538,0.0599445663162709,0.986799811906761,0.0198530981795187,0.0596503895368735
,,,,14.637586805555555,0.0992780644201051,0.9906738269682032,0.0599722726994496,0.9872698640590364,0.0197986178445805,0.0595001989898954
,,,,14.6484375,0.0993046772561564,0.9927231746002336,0.0594670719939212,0.992050954832258,0.9906507590374188,0.0596139935875703
,,,,14.659288194444445,0.0987826896064963,0.9844642134976592,0.0592766590325317,0.982773664616258,0.97910168766203,0.0588985235929471
,,,,14.670138888888888,0.0975834977995314,0.9748934592505148,0.0585054285220622,0.974021427269536,0.976747423071686,0.0585727290695106
,,,,14.680989583333332,0.0973122609769974,0.9777722712227378,0.0584974624864111,0.9862078487452948,0.9761988500830668,0.0586203144930863
,,,,14.691840277777777,0.097233001053288,0.970906858893816,0.058289177542701,0.9704875711075088,0.9741880726183502,0.0582693299485386
,,,,14.70269097222222,0.0959337335688915,0.9665603451435564,0.0575121690595888,0.9586867196551034,0.954532644951188,0.0580485916706553
,,,,14.713541666666666,0.0957694255228418,0.9533719409132444,0.0569766815165851,0.9609540610323628,0.9601872652028086,0.0576615369122172
,,,,14.72439236111111,0.094662949325791,0.954820258481921,0.0566435342880599,0.95082526167992,0.946401299325385,0.0566907815092137
,,,,14.735243055555555,0.0941820493235044,0.9390198944628726,0.0565959887826456,0.9361421761769912,0.939509045684518,0.0564373965836011
,,,,14.74609375,0.0931635823222259,0.9264981363527708,0.0560333417007091,0.937791189977346,0.9233194674319284,0.0558566437171923
,,,,14.756944444444445,0.0920948661148743,0.9307359816524522,0.0554613667830741,0.9279501441306216,0.9168271778364354,0.0555131096385283
,,,,14.767795138888888,0.091278045363848,0.912033621354577,0.0547715320483619,0.9119594920741254,0.915307177137616,0.0555901704636162
,,,,14.778645833333332,0.090714303835272,0.9010732706087712,0.0551086565230265,0.9122813474655944,0.9072269048352828,0.0543840368516867
,,,,14.789496527777777,0.0895197667967943,0.9011752879013396,0.0537768234615185,0.8928947723299769,0.8891227149271443,0.054054257698273
,,,,14.80034722222222,0.0883468532963325,0.8779809263271607,0.0529362436043137,0.8858870615880329,0.8798476458084308,0.053537480634833
,,,,14.811197916666666,0.0877107216577261,0.8695444826634523,0.0520167216420401,0.8744734750231943,0.8626882807101965,0.0515776323685559
,,,,14.82204861111111,0.0858036443823756,0.8565618181224808,0.0515877590765326,0.8621580274486447,0.8535506154161384,0.0516226133870237
,,,,14.832899305555555,0.0839649609319556,0.8532048775956412,0.0501173934093122,0.8503361854118177,0.8381862812712875,0.0503047463139429
,,,,14.84375,0.0838802164967031,0.8317033232264253,0.0496991367544618,0.835713964979411,0.8249884384162495,0.0497181211139976
,,,,14.854600694444445,0.0819407346514692,0.8178916964360672,0.0494824118864984,0.8196708330188516,0.8143246235502198,0.0496733278554666
,,,,14.865451388888888,0.0814637302141356,0.8021053492766965,0.048097522280173,0.805472916746823,0.8030007651205384,0.0479186188239661
,,,,14.876302083333332,0.0788955949911465,0.7889233957753856,0.0472695157994111,0.7960579627192906,0.7869336413052405,0.0471265329144663
,,,,14.887152777777777,0.0776592326957588,0.7772651074702841,0.0465561613481434,0.7731670117545568,0.780716566647763,0.0464044869035195
,,,,14.89800347222222,0.0753976146515785,0.7536928802529693,0.0454902823438067,0.7667339340615907,0.7542746697071522,0.0458857781613371
,,,,14.908854166666666,0.0739785118810441,0.7381434051856166,0.0447983287971106,0.7481019299105752,0.7497104321546252,0.0452294535104594
,,,,14.91970486111111,0.073203261388461,0.7305911987064779,0.0434624130814236,0.7157344977702784,0.7191255563727521,0.0435550994775873
,,,,14.930555555555555,0.0704766580675329,0.7023694886253024,0.0419181463250139,0.6995696828862463,0.7185595954133505,0.0425612099610403
,,,,14.94140625,0.0690084301283465,0.6951279089289394,0.0412626297553287,0.7047027611214051,0.6902639592841804,0.0411158039701694
,,,,14.952256944444445,0.0673306690150539,0.6677324756147587,0.0403673695456446,0.6816678193721245,0.6774824248822701,0.0404072522582267
,,,,14.963107638888888,0.065307921319693,0.654191185545067,0.0397467132766326,0.6502061675956348,0.6472572763149044,0.0389579901343508
,,,,14.973958333333332,0.0627828220491446,0.6299801428085312,0.0382520085362399,0.6389488033983892,0.6290630154883237,0.0373738697946904
,,,,14.984809027777777,0.0609755707469881,0.6129870550432692,0.036825614981768,0.6077972009529867,0.6127720970402348,0.0366121964162076
,,,,14.99565972222222,0.0592121700467192,0.6001144404428064,0.0354983953695001,0.5967760970263564,0.5906286633360188,0.0352706299037682
,,,,15.006510416666666,0.0575662231227296,0.571386602553383,0.0340492405760573,0.5826314329118154,0.5696987950577651,0.0347890981733473
,,,,15.01736111111111,0.0558360752836983,0.5540627267652147,0.0330954240899959,0.5583767056356406,0.5555486840881536,0.0333431087701289
,,,,15.028211805555555,0.0538435627806862,0.5437562378095636,0.0318527986718709,0.5350666241366646,0.5315281784906118,0.0321822462418648
,,,,15.0390625,0.0516169414267569,0.5145937175753613,0.0307965359999003,0.5106539220480831,0.5123721551839093,0.0310647565030739
,,,,15.049913194444445,0.0491576313340133,0.4907716266734678,0.0298558117843021,0.4967385819387988,0.4933950339101254,0.0294628654201009
,,,,15.060763888888888,0.0472722298739937,0.4630345405812778,0.0285811985096386,0.4751402403754312,0.4673579144881604,0.0282661415192337
,,,,15.071614583333332,0.0443587520851941,0.4469882317486622,0.0270149722005002,0.4494290924106909,0.4475187184813428,0.0271535463058767
,,,,15.082465277777777,0.0431219809039468,0.4271457684144806,0.0252739214784088,0.4214034747263664,0.4322061548645977,0.0261084649824405
,,,,15.09331597222222,0.0410447860967458,0.4066296648632025,0.0242986236958737,0.3974768518586266,0.4056660924245977,0.0247387844528828
,,,,15.104166666666666,0.0385449722555528,0.3865665269960918,0.0233536278340202,0.3831467430515136,0.380164354487092,0.022904167073635
,,,,15.11501736111111,0.0361896953131414,0.3570232680827363,0.0218134879418204,0.3557310744677885,0.353392095286726,0.0214915913342731
,,,,15.125868055555555,0.0336058225504734,0.3407270514275146,0.0199953740685243,0.3297529340274575,0.3334441142267739,0.0205179832393878
,,,,15.13671875,0.0318236307901635,0.3099140767050052,0.0190872557290446,0.3034367324385712,0.3070681517060013,0.0186555166307442
,,,,15.147569444444445,0.0286428808649239,0.2873270672942216,0.017352894759796,0.2902343514775188,0.290659727159736,0.0179156574500811
,,,,15.158420138888888,0.0272393504235587,0.2664145356446209,0.0158304061364216,0.2699772292602866,0.2676907327640143,0.0158423870207432
,,,,15.169270833333332,0.0246858136073405,0.2494690453008193,0.0144817016777111,0.2467506886544134,0.2340094197060666,0.0152059412600012
,,,,15.180121527777777,0.0213718869301913,0.2158505018981646,0.0130542419050599,0.2200618140875065,0.2227538016277015,0.0132510374881519
,,,,15.19097222222222,0.0200049031895024,0.2034290082410527,0.0121763972060402,0.1979328031890101,0.1980973628696772,0.0117810169539459
,,,,15.201822916666666,0.0176907050140455,0.1752305611034804,0.0100952828853365,0.1779947157285169,0.170690669588426,0.0103426993121326
,,,,15.21267361111111,0.0137467281981688,0.1471748562641799,0.0083007325958133,0.1464962266497377,0.1478277269043074,0.0087098812577753
,,,,15.223524305555555,0.0128136042053804,0.121348240486641,0.0072886415050156,0.1260919837672739,0.118511618397019,0.0073692119362706
,,,,15.234375,0.0090387486855892,0.1032839256018959,0.0060232250068655,0.1019660677117861,0.1013185394298162,0.0059090497361351
,,,,15.245225694444445,0.0076955606907001,0.0676704879932765,0.0041150171989316,0.0794372941294712,0.0740157001180788,0.0046123786948298
,,,,15.256076388888888,0.0043475777346681,0.053993111670612,0.0031451656060756,0.0597931575824073,0.042659460263136,0.0029701770110199
,,,,15.266927083333332,0.0024890554256392,0.0304638332092357,0.0017202530414165,0.0171488385442664,0.0195273958655062,0.0014618815882238
,,,,15.277777777777777,0.0002901319969663,0.0031820314570936,0.0001974936417332,-0.0053697282423701,0.0003387166172699,-0.0003310737580768
,,,,15.28862847222222,-0.0031227513970053,-0.023572269036992,-0.0016910665193782,-0.0290500094904261,-0.0244035523445951,-0.0017582252818391
,,,,15.299479166666666,-0.0052209469963052,-0.0452165979850925,-0.0032352321873627,-0.0475055025495432,-0.0548717325795869,-0.0031874724904348
,,,,15.31032986111111,-0.0072532008249083,-0.0712111273481397,-0.0045094309334154,-0.0691187448729206,-0.071198704273017,-0.0040788481169138
,,,,15.321180555555555,-0.009277604689284,-0.100718968303638,-0.0051087509732485,-0.1001406953911667,-0.087853319207399,-0.005985903922955
,,,,15.33203125,-0.0116565517653922,-0.1249547407499026,-0.0077639758770594,-0.1182133613386031,-0.1240424835918495,-0.0072985884378291
,,,,15.342881944444445,-0.0147627318311133,-0.1320243369887318,-0.0083567772540172,-0.1462543755082196,-0.1441273616073501,-0.0083831492742016
,,,,15.353732638888888,-0.0173198921298118,-0.1732752277691292,-0.0103198313665076,-0.178009224818964,-0.1719565952461447,-0.0105209020143588
,,,,15.364583333333332,-0.0199265205647464,-0.1935761300189853,-0.0117235703015651,-0.1917368659952545,-0.189501149115343,-0.0115485959267377
,,,,15.375434027777777,-0.0230104065235888,-0.227513060679617,-0.0128835257894229,-0.2208303306601449,-0.2172261993704456,-0.0131378969343092
,,,,15.38628472222222,-0.0236125680054192,-0.2416288089194072,-0.0151364200002121,-0.2365771800134653,-0.2361810133041681,-0.0143194648367185
,,,,15.397135416666666,-0.0258066091497995,-0.2659131623065124,-0.0158759631043679,-0.2619056046881318,-0.258863055865745,-0.0158877014892563
,,,,15.40798611111111,-0.0292659135016263,-0.285056605424999,-0.0174924356647353,-0.2953822597070366,-0.2868812933253835,-0.0171489233920391
,,,,15.418836805555555,-0.0316919481359371,-0.3241139173174157,-0.0187000684810729,-0.3090357165818885,-0.3150998964313031,-0.0191742125499914
,,,,15.4296875,-0.0334276978064538,-0.3393754052340872,-0.020539941911654,-0.3365951526385735,-0.3466483927598078,-0.0201370904377774
,,,,15.440538194444445,-0.0358440582183001,-0.3577030302635529,-0.0215504455742348,-0.3473446909125105,-0.3510942038716635,-0.0218978273752553
,,,,15.451388888888888,-0.0379477981258575,-0.3983888991651703,-0.0232504092326644,-0.3766442109846025,-0.3828421956482654,-0.0226212691219478
,,,,15.462239583333332,-0.0405364053166366,-0.4058626041240309,-0.0243857714558999,-0.3977682300128436,-0.4045135779540312,-0.0240345118433267
,,,,15.473090277777777,-0.0424966265214988,-0.4261073370871165,-0.0259268904806896,-0.425580433546319,-0.4171434463310899,-0.025881115181169
,,,,15.48394097222222,-0.0454035558077974,-0.4469273731168021,-0.0263890809328613,-0.4432747684510175,-0.4450737354692009,-0.0266250437800376
,,,,15.494791666666666,-0.0469386564950585,-0.4704843158927011,-0.0285953887324654,-0.4727447434491985,-0.4797877433175182,-0.0280899206889876
,,,,15.50564236111111,-0.0496912773682505,-0.5005548739215586,-0.029724777831145,-0.484434626075841,-0.5035831102575052,-0.0295894926332337
,,,,15.516493055555555,-0.0517664696278663,-0.5208777200563323,-0.0304251557505697,-0.5229782583174493,-0.5121494092917948,-0.0304423729313615
,,,,15.52734375,-0.0534885265881158,-0.5434324553275207,-0.0318895746763247,-0.537629911200427,-0.5395341832570746,-0.0319577498976505
,,,,15.538194444444445,-0.0550131637327241,-0.5537289532712459,-0.0338921193115751,-0.558899221929825,-0.5596469965772318,-0.0331209212337985
,,,,15.549045138888888,-0.0573749514288694,-0.5721313679000177,-0.0345363681956433,-0.5704051249866768,-0.582431766118396,-0.0339183124106843
,,,,15.559895833333332,-0.0592302711269046,-0.5926139200209756,-0.0351014529512477,-0.5862972413267286,-0.5989428952608733,-0.0360203151670711
,,,,15.570746527777777,-0.0622897946523833,-0.6132096711584986,-0.0369268143832444,-0.6238365476617518,-0.6099545689612023,-0.0366659782907267
,,,,15.58159722222222,-0.0628529852677184,-0.6320626714524137,-0.0380616519312236,-0.6304440374990149,-0.6324963554402326,-0.0379651394216422
,,,,15.592447916666666,-0.0651899368231956,-0.6534765450360378,-0.039590149627693,-0.6605887033195039,-0.6454507279200393,-0.0393887401339367
,,,,15.60329861111111,-0.0657481616546037,-0.665911384455852,-0.0404019812470238,-0.671580530126906,-0.6761555545610625,-0.0396867395804379
,,,,15.614149305555555,-0.0685900616554787,-0.6880956102967286,-0.0416151746461279,-0.6933046492977383,-0.6831685323071067,-0.041282517970309
,,,,15.625,-0.0707714601941749,-0.7063396065940465,-0.0424831521720417,-0.699710245028286,-0.7028610612683673,-0.0425529294383321
,,,,15.635850694444445,-0.0729791373772218,-0.7267416817241831,-0.0433792690306512,-0.7303797444647591,-0.7255454341587403,-0.0428813240351887
,,,,15.646701388888888,-0.0743134570619383,-0.7404893776606489,-0.0445776274962836,-0.7452932751600552,-0.7336175157729056,-0.0451358300533241
,,,,15.657552083333332,-0.0760533728654018,-0.7568584378405052,-0.0453295646213363,-0.7560458988843555,-0.7553443832955419,-0.0458785717626191
,,,,15.668402777777777,-0.076789010858895,-0.7701744897972861,-0.0462343559477036,-0.7664120013115352,-0.7631218514313683,-0.0465051833933506
,,,,15.67925347222222,-0.0791692084694907,-0.7879224767111891,-0.047736624563003,-0.7931008301360549,-0.7822479164382388,-0.0472246045232866
,,,,15.690104166666666,-0.0798588238180476,-0.8060057160952085,-0.0482123779004143,-0.7971825836389885,-0.795089625337097,-0.0482873230890701
,,,,15.70095486111111,-0.0810845744734702,-0.8199163311318806,-0.0495120539001724,-0.8106610272619527,-0.8101470508075137,-0.0489124030400807
,,,,15.711805555555555,-0.083731332288125,-0.8326672662013052,-0.0499327031189045,-0.8380708265360632,-0.8351214140828582,-0.050149239230764
,,,,15.72265625,-0.0838464466691094,-0.8420460650951355,-0.0505006206928031,-0.846881232663961,-0.835701288102228,-0.0506346978250308
,,,,15.733506944444445,-0.0851355998880039,-0.8588182381648866,-0.0515091297618433,-0.8495942060913425,-0.8569124796943941,-0.0508765599332344
,,,,15.744357638888888,-0.0867348963785632,-0.8671369816979704,-0.0522545670400029,-0.868335406773396,-0.8737384754374979,-0.0518007815164963
,,,,15.755208333333332,-0.087889091883345,-0.8808459762308972,-0.0531792376243494,-0.8920946170356806,-0.8823099431483218,-0.0528849817760855
,,,,15.766059027777777,-0.0889418035762831,-0.904612623361642,-0.0531419180009595,-0.897642858942654,-0.8914069544619785,-0.0541433973413122
,,,,15.77690972222222,-0.0900676108127244,-0.9085216258963612,-0.0545392336105802,-0.9045490360134466,-0.910614467761209,-0.0542215745757445
,,,,15.787760416666666,-0.0915019388544547,-0.9193615590526312,-0.0548730188613222,-0.9138679700042068,-0.9189591107339116,-0.0543244436624875
,,,,15.79861111111111,-0.0915593116065651,-0.9162962609391548,-0.0550746798877068,-0.9234923931566424,-0.9258887903068554,-0.0551909558634018
,,,,15.809461805555555,-0.0947366081449985,-0.9311374655926944,-0.0561965396814897,-0.9285610714040078,-0.9314484605582702,-0.0555733829433098
,,,,15.8203125,-0.0928457738119084,-0.9506360022318782,-0.0568366469815465,-0.9370747408412892,-0.9479275398170848,-0.0567673752613439
,,,,15.831163194444445,-0.0942379151292502,-0.9496775737649942,-0.0566673120365269,-0.9465778898376505,-0.9524873048130454,-0.0569845837989551
,,,,15.842013888888888,-0.0955945262168235,-0.957584351977144,-0.0572704311053444,-0.9650846413305718,-0.9494037461225024,-0.0573267859823719
,,,,15.852864583333332,-0.0964521485881555,-0.9689095815396396,-0.0579309199921277,-0.9798693412486944,-0.957073165887101,-0.0583357460754883
,,,,15.863715277777777,-0.0960815706252596,-0.9642652546198976,-0.058476379761319,-0.9809145826554232,-0.975576588286868,-0.0587977906195028
,,,,15.87456597222222,-0.0976552725708785,-0.9799788005353812,-0.0588823754712741,-0.9674792574585244,-0.9748858544505938,-0.0587495811515854
,,,,15.885416666666666,-0.0979593045363683,-0.9906658827644198,-0.0587824492135957,-0.9749739589097356,-0.980566570456676,-0.059363552602877
,,,,15.89626736111111,-0.0983557646003398,-0.9868885962440568,-0.0589348670400124,-0.9823825332708812,-0.980100417737702,-0.0590747728390377
,,,,15.907118055555555,-0.1000130702421996,-0.9856160617584536,-0.0592232401910204,-0.9889929480522488,-0.9881265890991546,-0.0593610540638661
,,,,15.91796875,-0.0987524368594144,-0.9960588022362244,-0.0593937370510781,-1.0005744992572003,-1.004378253264704,-0.0593558560334154
,,,,15.928819444444445,-0.0994031172406716,-0.9943540232824444,-0.0596832672947408,-0.9960326655744202,-1.0016729232933816,-0.0592597589431318
,,,,15.939670138888888,-0.0999688475563861,-0.9968098005961512,-0.0597246438220969,-1.0081593457961875,-1.007701916949376,-0.0597701198879266
,,,,15.950520833333332,-0.0999031591254684,-1.0117655886374726,-0.0596231888756253,-1.0131908718477094,-1.0059522523555111,-0.0600141653094983
,,,,15.961371527777777,-0.0992615657560105,-0.9967678133517548,-0.0598691271145543,-0.9979110298449329,-0.994287350450826,-0.0595074037896863
,,,,15.97222222222222,-0.1002611182607851,-1.003761959315687,-0.0603011198499238,-1.0078270461384788,-0.998327803957572,-0.0601870629016782
,,,,15.983072916666666,-0.0993017615717287,-0.9913517848119858,-0.0597522922718908,-0.995549659534893,-1.0065381772684283,-0.0595433589138132
,,,,15.99392361111111,-0.0995976997171306,-0.9964338970195886,-0.0601854825766002,-0.9871346734930586,-0.9997857281632684,-0.0600997837808654
,,,,16.004774305555554,-0.0988497133503389,-1.001247152895118,-0.0595933491968355,-0.992840590203252,-1.000432878206222,-0.0594976230948076
,,,,16.015625,-0.0983764027944222,-0.9875165046396076,-0.059365413385619,-0.9939626712148112,-0.9923801871635772,-0.0598379132056814
,,,,16.026475694444443,-0.0989782357044216,-0.9925081267069692,-0.0599415113482486,-0.9940546645189924,-1.0007657489450483,-0.0593785672679747
,,,,16.03732638888889,-0.0981427752512353,-0.9853380629457388,-0.0594601491060153,-0.9931305895131772,-0.9849251593276664,-0.0594608863753176
,,,,16.048177083333332,-0.0981802040279017,-0.9848997990164596,-0.0591297263614234,-0.9829068526107396,-0.9872989181597932,-0.058881318281777
,,,,16.05902777777778,-0.0981376725990395,-0.9681660473111352,-0.0594023357799013,-0.9895973463728508,-0.9791609311812876,-0.0586895203440113
,,,,16.06987847222222,-0.0975288041068228,-0.964996093541768,-0.0588979553609464,-0.980786034439458,-0.9693610090562544,-0.0586166348116681
,,,,16.080729166666668,-0.0973993461418668,-0.9682854368055148,-0.0579795827055058,-0.9698180297722204,-0.9689296285425478,-0.0583957239613859
,,,,16.09157986111111,-0.0960314158885878,-0.9575090579448078,-0.0580328048067909,-0.9593895751652224,-0.9609752555795034,-0.0580132189968156
,,,,16.102430555555554,-0.0961638212738235,-0.9613624937514604,-0.0575746661196266,-0.9585664317317578,-0.9542619942872118,-0.05738198096409
,,,,16.11328125,-0.0944409914983167,-0.9497180149440204,-0.056878537106284,-0.9439835266225453,-0.9454277082985234,-0.0570415341433518
,,,,16.124131944444443,-0.0941076225435761,-0.9349741369406738,-0.0563557741473439,-0.9359773824885548,-0.9382148989288622,-0.0573604209884816
,,,,16.13498263888889,-0.0935265549965248,-0.9374923071449998,-0.0560518769230087,-0.9214513888785326,-0.9327506010478924,-0.0559925232954783
,,,,16.145833333333332,-0.0924071025906063,-0.9189977426574356,-0.0549972479784617,-0.91761671855599,-0.9238682757596202,-0.0555235844142049
,,,,16.15668402777778,-0.0917235359909925,-0.9099891000861986,-0.0545873274209112,-0.9189320758065466,-0.9116856822952812,-0.0550855002012264
,,,,16.16753472222222,-0.089863750314416,-0.9018175688004436,-0.0539880832220802,-0.9059715286961888,-0.902541600472592,-0.0538775246988416
,,,,16.178385416666668,-0.0893450960295998,-0.8917092710045007,-0.0536584385267166,-0.8946474299751276,-0.903403522272365,-0.0535827654655661
,,,,16.18923611111111,-0.0879263836254554,-0.8803719369597396,-0.0528965415708514,-0.87716621399527,-0.8719786276268029,-0.0530132555172132
,,,,16.200086805555554,-0.0865356774991728,-0.8710996581700253,-0.0524466998198336,-0.8699365546031534,-0.8700679663163745,-0.0523354557524089
,,,,16.2109375,-0.0861161510142471,-0.8515927092525444,-0.050874702852721,-0.8664590436379364,-0.8621096513553395,-0.0514678504273753
,,,,16.221788194444443,-0.0832519157433159,-0.8461172620447137,-0.051025453716588,-0.8424093700888473,-0.843432953924714,-0.0505548749578515
,,,,16.23263888888889,-0.0835094721150316,-0.8292722651019923,-0.0500991054354245,-0.8375574336963227,-0.8360458659873566,-0.0501065655481485
,,,,16.243489583333332,-0.0825918385939663,-0.8106409921304499,-0.0488318162877692,-0.8167366611890774,-0.8174457714191139,-0.0484972582096241
,,,,16.25434027777778,-0.0807103528344682,-0.8037751875369024,-0.0482017344790856,-0.804569985492987,-0.8035888602628066,-0.0480680647533684
,,,,16.26519097222222,-0.0777815996785839,-0.7918798155637554,-0.0478139190695279,-0.7927561938328505,-0.7895883240123868,-0.0474652520043368
,,,,16.276041666666668,-0.0776913047811067,-0.7663291819388295,-0.0460592171187392,-0.7636565328316961,-0.7788666186394091,-0.0460116431341027
,,,,16.28689236111111,-0.0759082969043412,-0.7551903474939698,-0.0449916404175848,-0.7580339989567719,-0.7538764636026639,-0.0456506550984456
,,,,16.297743055555554,-0.0734692912695847,-0.747994152611571,-0.044589112598787,-0.738822375181062,-0.7408578550844938,-0.0447451250012798
,,,,16.30859375,-0.0725755096221428,-0.7280779287387886,-0.0437397854955908,-0.7241618355295824,-0.7264264719096387,-0.0427953682093959
,,,,16.319444444444443,-0.0702282033339228,-0.7021331775424346,-0.0423882596079829,-0.7104563739740573,-0.7139260306987362,-0.0426514020670356
,,,,16.33029513888889,-0.0697824425351334,-0.6886207559620686,-0.041036830930599,-0.6947478960026118,-0.6907834181219883,-0.0414042624887982
,,,,16.341145833333332,-0.0665307754304482,-0.6710285349265207,-0.0401587711343124,-0.6610899997352085,-0.6769640230415361,-0.0400366171964208
,,,,16.35199652777778,-0.0650512875975779,-0.6502675525292246,-0.0393820937872225,-0.6506136796199798,-0.648241986720531,-0.0393661804721919
,,,,16.36284722222222,-0.0626825787565612,-0.6357291888184435,-0.0379751035528323,-0.6332873262123313,-0.6348319349933517,-0.0381282562252967
,,,,16.373697916666668,-0.06181179075271,-0.6223312345111485,-0.0370096244005644,-0.6146646135577605,-0.6120773511238914,-0.0365566504274644
,,,,16.38454861111111,-0.0590495522640702,-0.586977956997769,-0.0355764929925219,-0.5912485181070963,-0.6062096290254508,-0.0361988042586554
,,,,16.395399305555554,-0.0571073586349405,-0.5698042187891242,-0.0339338944377741,-0.5801339493060631,-0.5717590371307353,-0.0350478273286106
,,,,16.40625,-0.0555224907195543,-0.5591274018525861,-0.0335873542371164,-0.5474015006987076,-0.5615294097125249,-0.033668760648374
,,,,16.417100694444443,-0.0537474480644464,-0.5349485573027316,-0.0321472284525782,-0.5408135975903255,-0.5391611125993323,-0.0321191120575482
,,,,16.42795138888889,-0.0515546589764434,-0.5046752974214025,-0.0310619076376595,-0.5073560190297451,-0.5099593576194513,-0.0303535591987182
,,,,16.438802083333332,-0.0492288969394106,-0.4857709592686853,-0.0296756507654713,-0.4945954494554555,-0.4973464135432399,-0.0293954347807179
,,,,16.44965277777778,-0.04762135548589,-0.4725511798362885,-0.0282434757238985,-0.4711760329748974,-0.4680928205405945,-0.0278867060051094
,,,,16.46050347222222,-0.0450008325621881,-0.4431376274758867,-0.02667335713477,-0.4555862205431223,-0.4398382665705527,-0.0267891872931155
,,,,16.471354166666668,-0.0432180836736409,-0.4356346354506651,-0.0256798596684411,-0.4284928338459728,-0.4339139824538877,-0.025678970982827
,,,,16.48220486111111,-0.0409747891802005,-0.4042077440128623,-0.0246383613626482,-0.4109793202091315,-0.3972329482019295,-0.0244064760050986
,,,,16.493055555555554,-0.037229437702803,-0.391688288775428,-0.0230649636807377,-0.3873167674740015,-0.3868979345026304,-0.0231702305500268
,,,,16.50390625,-0.035859612823408,-0.364997598154556,-0.0212781842458316,-0.3535864305645776,-0.3654500131565911,-0.0218654111168144
,,,,16.514756944444443,-0.0338282170974931,-0.3427159939629456,-0.0203587523987691,-0.334907828427063,-0.3360634785894044,-0.0202059416049395
,,,,16.52560763888889,-0.0312439373165286,-0.3161150678573559,-0.0188419037917535,-0.3219955487179272,-0.3097459432696047,-0.0185601586410711
,,,,16.536458333333332,-0.028822506845524,-0.2838867911635453,-0.0175391706938489,-0.2870100276490656,-0.2962086980110731,-0.0181183371202698
,,,,16.54730902777778,-0.0264699414791826,-0.2655261710268137,-0.0157966158077914,-0.2684110843156034,-0.2659273787717379,-0.0164725914527796
,,,,16.55815972222222,-0.0238580786699311,-0.2447763869390058,-0.0148735351522912,-0.2436525869941171,-0.2487536640870701,-0.0149084971826108
,,,,16.569010416666668,-0.0222865611066272,-0.2193101992509547,-0.0127898651924939,-0.2244800706092934,-0.2173953076417604,-0.0130584314668823
,,,,16.57986111111111,-0.0199781049046381,-0.194279682296263,-0.0119074386824408,-0.1879113264578906,-0.1931185541018899,-0.011576668059692
,,,,16.590711805555554,-0.0169723617149293,-0.1612968028110602,-0.0103593152508325,-0.1776507592561585,-0.17667616230314,-0.0100375263538259
,,,,16.6015625,-0.01517162620729,-0.1452994751815292,-0.0096151842586155,-0.1494479547886821,-0.1432331971013916,-0.0083820157353681
,,,,16.612413194444443,-0.0115426399122234,-0.1187172997062771,-0.0077106711884019,-0.1316357757901496,-0.1226521609622963,-0.0077385071342918
,,,,16.62326388888889,-0.0098224990270803,-0.0975993982488277,-0.0055731315169475,-0.0978330148152852,-0.1018393215449179,-0.0061000902056879
,,,,16.634114583333332,-0.0084017617478575,-0.0702506341013396,-0.0040749288163191,-0.0703661776157308,-0.0757753053884033,-0.0045823383954054
,,,,16.64496527777778,-0.0049979453495064,-0.0453034710697372,-0.0026790432672199,-0.0531054712125585,-0.0531912625471371,-0.0030292213972067
,,,,16.65581597222222,-0.0022010916118766,-0.0302846238636826,-0.0014411589337533,-0.0261031567305823,-0.0152612314065889,-0.0017600305393895
,,,,16.666666666666664,-0.0007060376826624,-0.0023270667062902,0.0004399846272297,-0.0042794272157866,-0.0031544336286243,-9.389631777219605e-05
,,,,16.67751736111111,0.001260331385707,0.025330714790255,0.0013961723785741,0.0245044715054023,0.0330511043452303,0.0012479808379425
,,,,16.688368055555554,0.0056443004150418,0.0433248932507867,0.0023622219043538,0.0586903554012176,0.0432958669650339,0.0030059086931773
,,,,16.69921875,0.0070533116666747,0.0662312981358667,0.004662451722538,0.0684682782040392,0.073160402760789,0.0040275396461912
,,,,16.710069444444443,0.009123362059057,0.1014892080542502,0.0061002603998907,0.0895302145789079,0.0925979500732945,0.0064486936844379
,,,,16.72092013888889,0.0118303811549488,0.1209219315592939,0.0072754031188344,0.1177736514303295,0.1161391736523381,0.0072559585316647
,,,,16.731770833333332,0.0156046782154326,0.1439224541427481,0.0086282458485762,0.142599159231583,0.1438136244064897,0.0089069256747234
,,,,16.74262152777778,0.0175254742467518,0.1704755788872953,0.0102478008159988,0.1811465281039864,0.1720985202100534,0.0106174012259853
,,,,16.75347222222222,0.0193901983445279,0.2013982628507985,0.0119775875782608,0.1945280036229688,0.1965435571625124,0.0116199161073321
,,,,16.764322916666664,0.021895503392325,0.2209774096288076,0.0130323591403037,0.2168539236209798,0.2218695110043879,0.0130157075207067
,,,,16.77517361111111,0.0242830084108556,0.2353238956434599,0.0145510443741146,0.2372990071829964,0.2461389667380119,0.0147814041734439
,,,,16.786024305555554,0.0270332539982053,0.2612036338416683,0.0149676125369241,0.273585468155249,0.2626476643899332,0.0162462336040304
,,,,16.796875,0.0284791515269422,0.2882006517606394,0.0175813757855178,0.2839442776818044,0.2837920895702185,0.0167136116722319
,,,,16.807725694444443,0.0310486282942793,0.3117230526933007,0.0187292446244037,0.3083137803720013,0.30574951754692,0.0192357205979477
,,,,16.81857638888889,0.0332340563336714,0.3419483761531037,0.0205532424739746,0.3409285386163388,0.3343494781739693,0.0205245381617618
,,,,16.829427083333332,0.0362327281668442,0.3604368503360353,0.0218146246371791,0.3572108615420885,0.363239100607629,0.0217955267315647
,,,,16.84027777777778,0.0376955913579989,0.3829293639978607,0.0235177664272176,0.3851215775548005,0.3848766824407046,0.0235288358893865
,,,,16.85112847222222,0.0394715738424944,0.3981940405037639,0.0238006526026768,0.4072742185257001,0.4104098901153724,0.0246786673696931
,,,,16.861979166666664,0.0424708358658337,0.4315233141063805,0.025687667984595,0.4292726558816089,0.4207615492330226,0.0254163910588619
,,,,16.87282986111111,0.0451518822256909,0.4573610205825498,0.0267218069641436,0.4526758467198343,0.4516590375549356,0.0269979648823984
,,,,16.883680555555554,0.0479738140684373,0.486006412574772,0.028115324679708,0.4688949161496928,0.4720610999974434,0.0285341776111146
,,,,16.89453125,0.0492284909883015,0.4949209646973805,0.0296589007905958,0.4990816163916421,0.4895743767959578,0.0295889019768887
,,,,16.905381944444443,0.0507705091807644,0.5162763769695113,0.0310801929215692,0.5133248392673464,0.5060534168593178,0.0305917603499686
,,,,16.91623263888889,0.0544965103021934,0.5384002242979717,0.0323423495173139,0.5419479707763475,0.5313752193979601,0.0320516690686458
,,,,16.927083333333332,0.0558740514094371,0.5562119745381023,0.0331137873396559,0.5655046642578949,0.5546732041794281,0.0329975002418046
,,,,16.93793402777778,0.0583602046320635,0.5714029626882383,0.0347953148928917,0.5882452330384832,0.5793391769102878,0.0348330995190956
,,,,16.94878472222222,0.05968354504317,0.5934200112472677,0.0361327326397408,0.598677096185871,0.5920633031298043,0.0358022417831696
,,,,16.959635416666664,0.0611812105315263,0.6163527942282921,0.0370188015621136,0.6079861033536718,0.615741993187186,0.0367575755475133
,,,,16.97048611111111,0.0633524108122629,0.635494539520266,0.0384161535591505,0.6425968716419953,0.6367739880892175,0.03751879211155
,,,,16.981336805555554,0.066033324803409,0.6530965590593969,0.0392985260797017,0.653333997972445,0.6460335444797057,0.0390034995528435
,,,,16.9921875,0.0668911183807485,0.6778330674138905,0.0402062334001311,0.6777140725367,0.6831361737273426,0.0403208644337132
,,,,17.003038194444443,0.069580663450286,0.6845350884436261,0.0412282722120667,0.6881735932872152,0.6937771383058299,0.0412242915957214
,,,,17.01388888888889,0.070990499380451,0.7143335192820617,0.0421190855620498,0.7015686722453238,0.7003736465511506,0.0427142181084694
,,,,17.024739583333332,0.0727508723695763,0.7276802548687265,0.0433473661846848,0.7180096858414383,0.7215311658262693,0.0436726016279922
,,,,17.03559027777778,0.073710883153135,0.744811510526923,0.0441450894708776,0.7411385558313659,0.7455951912325031,0.0439576784734094
,,,,17.04644097222222,0.0766497615912084,0.7561932355473908,0.0451121138341614,0.7588091900916952,0.7586611834538131,0.0458077554665935
,,,,17.057291666666664,0.0767859643052614,0.7725111345698378,0.0463867581249491,0.7690636123549303,0.7735521491183421,0.0461565924419548
,,,,17.06814236111111,0.0791144264275938,0.8013309381552377,0.0473342932393126,0.7890242603249729,0.7861714878647983,0.0476905504255005
,,,,17.078993055555554,0.0807518702362788,0.7928702068330241,0.0479640482495442,0.7979028902179268,0.7993124682090244,0.0483672217863666
,,,,17.08984375,0.0818991228316592,0.8185716428516945,0.0495040540975137,0.8190387081002899,0.8194843118113418,0.0492838064480489
,,,,17.100694444444443,0.082936116732243,0.8292072243303025,0.0502077133067451,0.8360196355344703,0.8190308754986279,0.0501173582150717
,,,,17.11154513888889,0.0840414488289311,0.8388003863215859,0.0505927025573892,0.8443917261844455,0.8400098414098053,0.0508779658953539
,,,,17.122395833333332,0.086063882990031,0.8612416384675582,0.0515790879856151,0.8559245043928615,0.8566421583310624,0.0511745943950244
,,,,17.13324652777778,0.0866295607255297,0.8721023978584125,0.052051157613926,0.8706757159083118,0.8667423177522691,0.0521191920086666
,,,,17.14409722222222,0.0885437895860263,0.885659637345006,0.0530948646267581,0.8798687797928358,0.8802910301847915,0.0531232847748421
,,,,17.154947916666664,0.089409942123601,0.8949890435935406,0.0537562122057532,0.9018465011853724,0.8919919510089129,0.0535414182834442
,,,,17.16579861111111,0.0906206673113961,0.9159780607324648,0.0535618329310249,0.9011159458387814,0.9080258591893208,0.0537893986675591
,,,,17.176649305555554,0.0911954064674103,0.9093297502227676,0.0545531448483025,0.9159785269432488,0.915844435816726,0.0550014841760055
,,,,17.1875,0.092820452260258,0.9236726574262336,0.0552578758195864,0.918789904028952,0.9229942055099912,0.0550984438329349
,,,,17.198350694444443,0.0934695126892949,0.9294164952045764,0.0559250653632861,0.932292766771555,0.931469547405774,0.0559042819732297
,,,,17.20920138888889,0.0939837508234396,0.9423211937916636,0.0564833126454507,0.9475625651170289,0.9452872591731232,0.0562997333519663
,,,,17.220052083333332,0.0941821897931719,0.954416884089701,0.0571616219422491,0.9561689771255262,0.9602479222320748,0.0566772529454747
,,,,17.23090277777778,0.0961893914052059,0.9676693751157394,0.0575041297082307,0.952138795172142,0.9564702875290158,0.0571989903923355
,,,,17.24175347222222,0.0960426234291435,0.9692205919441624,0.0578346794472285,0.9640212567283408,0.9684958435008832,0.0576425153571714
,,,,17.252604166666664,0.0970164542421797,0.9594930850929212,0.0581482405334231,0.968327650798806,0.9697643657118448,0.0583812711290463
,,,,17.26345486111111,0.0971981282007291,0.9791781643009804,0.0588555911717856,0.969323773730585,0.9750385050159512,0.058304041609188
,,,,17.274305555555554,0.0973796601789796,0.9854323967042934,0.0586640970813764,0.9820335202139976,0.9808008643530236,0.0585953893655256
,,,,17.28515625,0.0992817287011224,0.9798948803719698,0.0587479628549467,0.9856929558621116,0.9896904759315762,0.059378177066896
,,,,17.296006944444443,0.0996816213580594,0.9952712347550764,0.0591539172337594,0.9825355685810312,0.990388752642253,0.0589099063471978
,,,,17.30685763888889,0.099421179800613,0.9880046072895372,0.0593182216903347,0.985337785479558,0.9824935693412212,0.0592281289875577
,,,,17.317708333333332,0.0998952065715468,0.9953144988164272,0.0595417813652321,0.9954972501282234,0.9940124191940972,0.0594737882213562
,,,,17.32855902777778,0.0996513493246408,0.9997758664070492,0.0598106566309685,1.000265633222719,0.9988524910884672,0.0595802358819146
,,,,17.33940972222222,0.0998748860472852,1.005729764915514,0.0596983093785062,0.9968834161825258,0.998617535639242,0.059739701988697
,,,,17.350260416666664,0.0995071879002328,1.0010313292967012,0.060037373576071,1.0041822119316082,0.999626154402324,0.0598594662485986
,,,,17.36111111111111,0.0999474635065838,0.9929517594589106,0.0595322832683064,1.0004318805671863,1.0036115315475718,1.0054847577285146
,,,,17.371961805555554,0.0996127235755786,1.0147730671978543,0.0603072569398715,0.9995120434844852,1.006960287465669,1.0010040294985074
,,,,17.3828125,0.0999079073669808,1.0030953183450344,0.0596027503210083,1.004826473128734,1.004588377089957,1.0031145207979897
,,,,17.393663194444443,0.0999678462631227,1.0079349739811916,0.0597071914235375,0.9976927557422004,1.0000881689070311,0.992825709326448
,,,,17.40451388888889,0.0991400956887235,0.9988082964667244,0.0599858505907535,0.9990924324160484,0.9947205664054646,0.9952414827906528
,,,,17.415364583333332,0.0989951727945329,1.0023698773865128,0.060017699474831,0.9971243966662152,0.9887765746915396,0.992675806675596
,,,,17.42621527777778,0.0987653182144508,0.990523467919351,0.0591873017398337,0.9821160587545232,0.9991167792688266,0.9901121667565672
,,,,17.43706597222222,0.0990041717315382,0.9849315833343116,0.0586606915784005,0.981958285669591,0.9819558127069892,0.989166683185102
,,,,17.447916666666664,0.0985840357607431,0.9825186272912058,0.0590939039776868,0.9797146180376284,0.9845273347121776,0.9844459663496152
,,,,17.45876736111111,0.0973913221751962,0.975123696544016,0.0584879576416874,0.9763426978579,0.9872702449916332,0.9756846343001668
,,,,17.469618055555554,0.0968989505041741,0.9625477321694694,0.0583415261099553,0.9686222466027232,0.971185093393786,0.968959175197208
,,,,17.48046875,0.0965149999955634,0.9662576509870594,0.0580554545578026,0.9658228960753308,0.9665265461827026,0.971967327902114
,,,,17.491319444444443,0.0947136221115855,0.9510290015203988,0.0573016283016604,0.9533166261719213,0.9433001036843855,0.9541855497716848
,,,,17.50217013888889,0.0955928834862121,0.9507761183554596,0.0574752676991854,0.9656755973307574,0.9569969885821604,0.9505882622488262
,,,,17.513020833333332,0.093620658001255,0.9443006420129296,0.0558057719846825,0.9474601765406828,0.9478808083003504,0.9422946422552536
,,,,17.52387152777778,0.092690790535618,0.9239670589766088,0.0563475023294304,0.9333317946622094,0.9304709916761796,0.935173783803714
,,,,17.53472222222222,0.0927700019133971,0.9218608871950398,0.0555158449719719,0.9194092092425276,0.9362770665686996,0.9275714423594312
,,,,17.545572916666664,0.0910485009086938,0.9126452996159988,0.0546501376414445,0.9058683334085672,0.9116147741804338,0.9162754867792768
,,,,17.55642361111111,0.0898701794621398,0.905302686222179,0.0542876217332713,0.8973218169060505,0.9094235231782476,0.9109169237213168
,,,,17.567274305555554,0.0896192985932672,0.8911996822955961,0.0534409804519665,0.8823532182439645,0.9006133105834597,0.8949987043152628
,,,,17.578125,0.0876419516848474,0.8760299333467924,0.053092874144807,0.8803825675477257,0.885360370642125,0.8812707259002273
,,,,17.588975694444443,0.0871825495763794,0.8665024386478726,0.0522199360596325,0.8695052655859304,0.8765229340560181,0.8640429524088616
,,,,17.59982638888889,0.0850166823923556,0.8508415898831538,0.0515884187972757,0.8589484896479287,0.8570402820123274,0.8592500668465843
,,,,17.610677083333332,0.0853036817216344,0.8425104319260448,0.0509361220231291,0.8464047267790288,0.8462924183954817,0.8461212535615649
,,,,17.62152777777778,0.0825882277224107,0.8325115375243448,0.049924059805455,0.8195757476505093,0.8271083815730589,0.8343934461952965
,,,,17.63237847222222,0.0813142063064972,0.8141517344807868,0.0494151592592534,0.8179447198940045,0.8219646828972409,0.8114114134775258
,,,,17.643229166666664,0.0797666597551611,0.8024027642071325,0.0481122047590026,0.7988092462534803,0.8023140742556379,0.7988732914245306
,,,,17.65407986111111,0.0781992740382312,0.7993877466946473,0.0474992273574113,0.7843819693350467,0.7941414420797217,0.7908876299611092
,,,,17.664930555555554,0.0771597686623967,0.7699044462801989,0.0464532525460474,0.7676485594690212,0.7703759057571906,0.7809688083130631
,,,,17.67578125,0.0757792544693205,0.7504375904547436,0.0451807740087812,0.7603575080371258,0.7640277690092663,0.7602705722016367
,,,,17.686631944444443,0.0746547854454814,0.7478705333529009,0.0438189809021948,0.7344880569443301,0.7409305319644905,0.739546535753623
,,,,17.69748263888889,0.0721803344631783,0.7245393710993658,0.0438229356868271,0.7237099809823038,0.7220992335467002,0.7236515649944535
,,,,17.708333333333332,0.0697569520211874,0.7052832840746323,0.0430422546211704,0.705005008186266,0.7089690979496085,0.7030268711925097
,,,,17.71918402777778,0.0684649941744304,0.6893102783787676,0.0417646945837207,0.6858803141599196,0.6879412923403643,0.6916564275795486
,,,,17.73003472222222,0.0672024325055008,0.6768454583477942,0.0405951419897658,0.6721416231103052,0.6646159388423083,0.6702357219026802
,,,,17.740885416666664,0.064993668094553,0.6645103631599498,0.0397455123557088,0.6508651193190272,0.6581487004653405,0.6457688678310858
,,,,17.75173611111111,0.0625630692451452,0.6364905555725036,0.0387337866596512,0.6303905587219228,0.6253563038443292,0.6307277713177999
,,,,17.762586805555554,0.061321298871151,0.6086855359685588,0.0370426895736196,0.6158725520676885,0.6097714665610425,0.6124795612919266
,,,,17.7734375,0.0593254643585685,0.5905505268963717,0.0354844888731205,0.5976314110178392,0.6095020433289522,0.5994177019746304
,,,,17.784288194444443,0.0573303491612352,0.5767979826393258,0.0347297602803975,0.5763017339326705,0.576028798354283,0.5739699353607896
,,,,17.79513888888889,0.0557970432504605,0.5560145994008374,0.033604133013897,0.5536236618400355,0.5514636328798439,0.5531475314122157
,,,,17.805989583333332,0.0539703205032443,0.534203242478865,0.0318399845206976,0.5420628521508387,0.523813391437083,0.5353881653727595
,,,,17.81684027777778,0.0510088867761493,0.5118669417932077,0.0306280171228862,0.5051410464601888,0.514695886258497,0.5118296816290618
,,,,17.82769097222222,0.0494486427427715,0.4867546324711274,0.0299819770503192,0.4919682985407284,0.4852760991798177,0.4914387476669264
,,,,17.838541666666664,0.0467082626934317,0.4739140250795733,0.0280573977997172,0.4736800234629992,0.4724248672396157,0.4729103415823003
,,,,17.84939236111111,0.0448459226710384,0.4500270346659528,0.0268269368536273,0.4505767563503223,0.4552703354510759,0.4477923389504296
,,,,17.860243055555554,0.0428744322086103,0.4301525707274299,0.0254742187606532,0.4305331026935171,0.4313023043894429,0.4298759750281307
,,,,17.87109375,0.0400862233260498,0.408354233458963,0.0242856013984455,0.3967203526393562,0.400528394050106,0.4083780615234541
,,,,17.881944444444443,0.0376412101610914,0.3916404168482675,0.0226891685591779,0.379445157539402,0.3855693531324251,0.3851798915056452
,,,,17.89279513888889,0.0355110554510105,0.3595581649817292,0.0221153557416591,0.3613277239216352,0.3613284668441443,0.3590637471521782
,,,,17.903645833333332,0.0333625903310429,0.3406238175491716,0.0196784129107793,0.3342585776763091,0.3394829714959025,0.3437785331786064
,,,,17.91449652777778,0.0313727418128023,0.3092696867739183,0.0187877938803136,0.3133305634635225,0.3128641917639065,0.3187012516087268
,,,,17.92534722222222,0.0303136232215603,0.2946128939513989,0.0174987966301894,0.2899509408075954,0.284168232893643,0.2896451400167515
,,,,17.936197916666664,0.0265400428386106,0.2617387204800103,0.016037503629572,0.2667943943018528,0.2694702743054378,0.262645909016343
,,,,17.94704861111111,0.0247155603442262,0.2411734597655711,0.0149201604560713,0.2388474729441644,0.2410955525550257,0.246780278074948
,,,,17.957899305555554,0.0229479120534989,0.2202814305202602,0.0127763128144947,0.2268660192421735,0.2215816306784921,0.2183457137684854
,,,,17.96875,0.0191566699365587,0.202483441720619,0.0113858097957531,0.1955245915809993,0.1914998430900784,0.1993693167363816
,,,,17.979600694444443,0.0166497951212861,0.1729529534023838,0.010647840033034,0.169206375362319,0.1761309779765663,0.1767500960458832
,,,,17.99045138888889,0.0143315261010726,0.1487041177042511,0.0085034316449433,0.1446318836330108,0.1448962446856194,0.1543349228100051
,,,,18.001302083333332,0.0123924180126612,0.1236094274091908,0.0073744308774091,0.1228602811612927,0.116911295779608,0.1188415182204162
,,,,18.01215277777778,0.0094506496323046,0.0994807110452707,0.0059063194417929,0.0910756672001968,0.090712267238582,0.0945148921635606
,,,,18.02300347222222,0.0076105051831723,0.0765909168673146,0.0044599013778286,0.0730047264648345,0.061769818407245,0.0832091571907556
,,,,18.033854166666664,0.0050736718955077,0.0530555433241062,0.0027940147072844,0.045015040257726,0.0497370010992563,0.0489225451337666
,,,,18.04470486111111,0.0021755932500009,0.0288975802014184,0.0014459434811242,0.0175118763253435,0.0258087236997951,0.0239238800548451
,,,,18.055555555555557,-0.0002320459504957,0.0044264200976362,0.0002967705177366,0.0090747168742569,-0.0009236234250247,0.0039883489657849
,,,,18.06640625,-0.0016374441485215,-0.0317267702617651,-0.0017338513827181,-0.0267003865122231,-0.0308031727981273,-0.0293210861343381
,,,,18.077256944444443,-0.0051955898803629,-0.0432308903664434,-0.0030883870034156,-0.0434302143414477,-0.050279456932371,-0.050897288838379
,,,,18.08810763888889,-0.0071810605603837,-0.0672035330216053,-0.0044309498138267,-0.0665123500586395,-0.0645965933149125,-0.0649878691652369
,,,,18.09895833333333,-0.0093377299965209,-0.1003826128344834,-0.0059813795597004,-0.0998124444883551,-0.1028283854398665,-0.1040131411917797
,,,,18.10980902777778,-0.0124871253878127,-0.1219406214334256,-0.0074021094180391,-0.1234614922244923,-0.1238781227487473,-0.1207308242262182
,,,,18.12065972222222,-0.0139576179557622,-0.1443813017594649,-0.0083878543080759,-0.1438073342453633,-0.1530022236068319,-0.1450917249845675
,,,,18.131510416666664,-0.0170470141166155,-0.1729795840966819,-0.0103389781519538,-0.1641420946726461,-0.1639954348924392,-0.1747311031279936
,,,,18.14236111111111,-0.0197095465886803,-0.1893557410671316,-0.0120031370048493,-0.1884042633341291,-0.1876073967011278,-0.1911642217285832
,,,,18.153211805555557,-0.0219495908094373,-0.2299507435224356,-0.0132222713594362,-0.2144639433919231,-0.2240584558463286,-0.2202849635282429
,,,,18.1640625,-0.0244257654046455,-0.243212573038509,-0.015343242475676,-0.2378172022090844,-0.2359497635514743,-0.2401074271477952
,,,,18.174913194444443,-0.0265420864212744,-0.2647433465452598,-0.0164648619193728,-0.262360763073826,-0.2621843989841446,-0.2683271814414574
,,,,18.18576388888889,-0.0280672700641895,-0.2937477516515105,-0.0175701386976725,-0.2909240998313368,-0.2872271003751805,-0.2920583754540372
,,,,18.19661458333333,-0.0318524291361819,-0.3140935786506945,-0.0186075786856375,-0.30511645020912,-0.3059595601592245,-0.3120037681199386
,,,,18.20746527777778,-0.0346593615818212,-0.3260705111354045,-0.0201423302399679,-0.3444634846377534,-0.3356354977533149,-0.3399846295922276
,,,,18.21831597222222,-0.0355980732035044,-0.355705474132541,-0.0222136403795693,-0.3647418309096331,-0.371158273052638,-0.3522816457264028
,,,,18.229166666666664,-0.0397262365791679,-0.3839398497727623,-0.0232152044251841,-0.3862757302587994,-0.38335731301919,-0.3886238839454903
,,,,18.24001736111111,-0.0408523820706684,-0.4050488269833311,-0.0246385569499677,-0.3959605949843121,-0.4007260024991971,-0.4136375864880171
,,,,18.250868055555557,-0.0417893720498316,-0.4236411975579302,-0.0259697578925962,-0.4241979637055993,-0.42662862837531,-0.4277546567824679
,,,,18.26171875,-0.0452554951522219,-0.4548703480125839,-0.0269227346484092,-0.4537854797051007,-0.4502900075266596,-0.4509103555703808
,,,,18.272569444444443,-0.0470393664619287,-0.4776965868869879,-0.0281266297131683,-0.4723877371791549,-0.4825466917408167,-0.4761420238590523
,,,,18.28342013888889,-0.0488648553930727,-0.5020710124904062,-0.0289450512741933,-0.4858120104542561,-0.4946318084224524,-0.4921702551316708
,,,,18.29427083333333,-0.0511803856365763,-0.5052200611151566,-0.0307358121651786,-0.5177840314307979,-0.5161422303704135,-0.5110905118275603
,,,,18.30512152777778,-0.0540686782060126,-0.5380367211324082,-0.0323227948548701,-0.5359707065485595,-0.5222800181680061,-0.5374939844294553
,,,,18.31597222222222,-0.0553133388454384,-0.5537096069323572,-0.0329270711268052,-0.5526904522563699,-0.5504141562665402,-0.5508658069168683
,,,,18.326822916666664,-0.058049186866433,-0.5687732867828855,-0.0345657465401695,-0.5744848012343914,-0.5812971007958558,-0.5794910377231415
,,,,18.33767361111111,-0.0591585690308403,-0.593455880349479,-0.0357750308077991,-0.5818709088452189,-0.603419880398811,-0.5893181181607141
,,,,18.348524305555557,-0.0613544186663192,-0.6166967329773585,-0.036934567851929,-0.6171041080157729,-0.6129462039221042,-0.6126443067093679
,,,,18.359375,-0.0626034296257896,-0.6344416103298574,-0.0379641576476465,-0.6305526252896063,-0.6337878211276924,-0.6325683762397044
,,,,18.370225694444443,-0.0649700260921006,-0.6558775305275066,-0.0391598537409467,-0.6492022286974861,-0.6618824120544899,-0.6436419274255849
,,,,18.38107638888889,-0.067409192745054,-0.6783585561996983,-0.0407032371780931,-0.6759412909106189,-0.6712597339505771,-0.6749954907563022
,,,,18.39192708333333,-0.068468161608359,-0.6868150171549313,-0.0415257746845025,-0.6892898614218841,-0.702781305599685,-0.6844847803679124
,,,,18.40277777777778,-0.0703155073396508,-0.710048302073731,-0.042124791246478,-0.70241467806015,-0.7102084427485255,-0.7023794828179855
,,,,18.41362847222222,-0.0716386274114316,-0.7284840311256267,-0.0432576575620059,-0.7171020707128968,-0.7280710428662812,-0.7313197366786005
,,,,18.424479166666664,-0.0744337293665542,-0.7379558647714013,-0.0440558285634081,-0.7437318704252202,-0.7324700174486273,-0.7385363045990165
,,,,18.43532986111111,-0.0755891225471626,-0.7608562111677067,-0.0451891226628232,-0.7594955032642615,-0.7531425351374683,-0.7561870937517898
,,,,18.446180555555557,-0.076227254928345,-0.7662860272935104,-0.0462295323660854,-0.7783463733495544,-0.766611246951595,-0.7738279011270615
,,,,18.45703125,-0.0783879495577405,-0.7837934429022456,-0.0468815516292799,-0.7891407871755458,-0.7801134297783169,-0.7923835700155463
,,,,18.467881944444443,-0.0805316019829741,-0.8172131172191776,-0.0481142168339716,-0.8013149629327012,-0.8032363478170725,-0.8026261591941357
,,,,18.47873263888889,-0.0817130784128926,-0.8103914263626916,-0.0494713367373956,-0.8235740800643339,-0.815410304092322,-0.8215910475036092
,,,,18.48958333333333,-0.0834909137669563,-0.8319316608146202,-0.05010526527116,-0.8249584137284045,-0.840555341164454,-0.8337772168465227
,,,,18.50043402777778,-0.0846520283303711,-0.8426622719568776,-0.0507953131779266,-0.8517356500963464,-0.8534349523995722,-0.848974797044577
,,,,18.51128472222222,-0.0858724042045093,-0.8576298538571642,-0.0518444717109461,-0.8526547942056566,-0.8593644629397997,-0.8501242865773085
,,,,18.522135416666664,-0.0878571426683839,-0.8747040139281055,-0.0525916219766217,-0.8770249312991923,-0.8695036178428452,-0.8765064190315728
,,,,18.53298611111111,-0.0879029737478885,-0.8754789938130202,-0.0532199777845112,-0.8846998573195433,-0.8840970691223516,-0.8776059602740149
,,,,18.543836805555557,-0.0898224391100977,-0.8928528755162598,-0.0534866560107359,-0.8950419613639735,-0.8883367224490304,-0.893955548406385
,,,,18.5546875,-0.0910124126328228,-0.8966646864207812,-0.054571206589485,-0.9122190561478306,-0.9080054711279154,-0.9043456341827244
,,,,18.565538194444443,-0.0915072729224561,-0.9157909890943124,-0.0547048552976682,-0.9154097400711568,-0.917330114243937,-0.91578979619456
,,,,18.57638888888889,-0.0915966504616628,-0.9266047794041642,-0.0562055977668013,-0.9272059800728446,-0.92050704139526,-0.9261081261277914
,,,,18.58723958333333,-0.0940398595400374,-0.9317344913559718,-0.0561459067798892,-0.9361515410355172,-0.9336756095030246,-0.9292528233548156
,,,,18.59809027777778,-0.0947890362566921,-0.9446949721796531,-0.0561344974302168,-0.9353755255056154,-0.9414266059641896,-0.940102193120313
,,,,18.60894097222222,-0.0952624279387131,-0.9454715066879488,-0.0569786453076739,-0.9428325925131034,-0.9479617766948882,-0.9516737100794472
,,,,18.619791666666664,-0.0958501444980098,-0.9540994232236258,-0.0577162696484822,-0.956285912090458,-0.9539222993792624,-0.957231864584052
,,,,18.63064236111111,-0.0954340163934649,-0.9642679400639116,-0.0579386858603517,-0.9567207898243452,-0.9712709054855948,-0.9568988280446428
,,,,18.641493055555557,-0.0970363177232813,-0.9674532389018888,-0.058075777409464,-0.9713496754419904,-0.9714707906988588,-0.9767238375691346
,,,,18.65234375,-0.0979274395638878,-0.9778074186543952,-0.0586133823494571,-0.9769266049302316,-0.9748755708531178,-0.971695452891758
,,,,18.663194444444443,-0.0981699950583557,-0.982704077872122,-0.0590213781663271,-0.978662807222022,-0.9782593734601168,-0.9755286352165008
,,,,18.67404513888889,-0.0977503483755674,-0.98360836567209,-0.0587604734179406,-0.980767212587394,-0.984890851792658,-0.990379335569932
,,,,18.68489583333333,-0.0980685227159995,-0.9944914428510762,-0.059151955712721,-0.9902361399155728,-0.994779099657472,-0.985515127706142
,,,,18.69574652777778,-0.098354765591989,-0.9882319312308672,-0.0596561636284447,-1.0026144615941752,-0.9875008853607188,-0.9965131600076308
,,,,18.70659722222222,-0.0999831469685278,-0.9979754153309304,-0.0593690980113691,-0.9890148915136427,-0.9977710906942592,-1.0011592356171124
,,,,18.717447916666664,-0.0997994470489737,-0.991515560147112,-0.0596796860382339,-0.9966111563560548,-0.9993096299590488,-0.98952602480819
,,,,18.72829861111111,-0.0997275648135648,-0.995585472372404,-0.060293158271904,-1.0063225414310308,-1.0015277125751725,-1.0003178347993855
,,,,18.739149305555557,-0.0999190667185846,-1.0021143189560828,-0.0599156631379708,-1.0103169049085263,-0.9932646305034022,-0.999272278781436
,,,,18.75,-0.1001120702567453,-0.993756857886738,-0.0595385600098961,-1.001896245798196,-1.000459906100721,-1.002882603210988
,,,,18.760850694444443,-0.0998889526104196,-0.992020562097512,-0.0600105142485222,-1.0013662849228415,-0.9952702872780133,-0.9952645214907156
,,,,18.77170138888889,-0.100104436209379,-0.999074564881689,-0.0598687675587648,-0.998161929985836,-1.0044063882668353,-0.9903919154948178
,,,,18.78255208333333,-0.0992422574325311,-0.9978368112559968,-0.0598445607953579,-0.9939446495973022,-0.9964726222890226,-0.995824433035068
,,,,18.79340277777778,-0.0997427586783423,-0.9959800447971908,-0.0600177588683166,-0.9965957907373356,-0.999300240311712,-0.9991686615006984
,,,,18.80425347222222,-0.0991945249337096,-0.9867061069777568,-0.0596070423621644,-0.9943540538430772,-0.9955694183581034,-0.9957905845656722
,,,,18.815104166666664,-0.0977317021958065,-0.9862223505469472,-0.0596932271100593,-0.9983326899397688,-0.9875062135167468,-0.9975752478410156
,,,,18.82595486111111,-0.0988421811941885,-0.9855543876959886,-0.0590020936495888,-0.9796898250960794,-0.9769954872884938,-0.9823691657758752
,,,,18.836805555555557,-0.098108213735217,-0.981884128755202,-0.0592077288727084,-0.9754919786896232,-0.9732623449035492,-0.9827573689299488
,,,,18.84765625,-0.0978846113580244,-0.975986755467154,-0.0586579745217979,-0.9746909572591884,-0.9846049843930212,-0.9745667529130164
,,,,18.858506944444443,-0.0968255745096549,-0.9732779229697937,-0.0580306075921671,-0.972351528808144,-0.9690892068878402,-0.968041642053936
,,,,18.86935763888889,-0.095703366234831,-0.9749908490887068,-0.057852274095879,-0.954889333624668,-0.9595480461691054,-0.9569842734617842
,,,,18.88020833333333,-0.0955867412943891,-0.9571795077829008,-0.0572740786536517,-0.9550413578074194,-0.9531364558910044,-0.9574963056161984
,,,,18.89105902777778,-0.0945040181478021,-0.9502270350401778,-0.0568176834195672,-0.9520844484664638,-0.9435418854692608,-0.9459524229549796
,,,,18.90190972222222,-0.0951414905217155,-0.940562404541024,-0.0564833089567679,-0.9408501635794136,-0.93603071530544,-0.9414182449252684
,,,,18.912760416666664,-0.0922977045177046,-0.9323870270420634,-0.0562990949808298,-0.931151900882323,-0.9356561654181392,-0.9325575953043188
,,,,18.92361111111111,-0.0924998017236245,-0.9267774603164212,-0.0559772899768888,-0.9209087245778708,-0.921571164129119,-0.9220802371286988
,,,,18.934461805555557,-0.0926672153892456,-0.9116179146336352,-0.0551259528069549,-0.912936992261288,-0.9078943993290018,-0.9153649812452694
,,,,18.9453125,-0.0906281454487259,-0.90554181925318,-0.0544344857541792,-0.9025231984027162,-0.9069871271838243,-0.9000767079425293
,,,,18.956163194444443,-0.0898058320813306,-0.9066433034769192,-0.0533073196768278,-0.8987297246824697,-0.8877671377244307,-0.9015924287304482
,,,,18.96701388888889,-0.0878999852178477,-0.8715434712629658,-0.0529134986630761,-0.8898946353839315,-0.8757207518638757,-0.8812776367538466
,,,,18.97786458333333,-0.0877846004970793,-0.8704565909261497,-0.0522546357889969,-0.8692431437981074,-0.8637421696967916,-0.8771097428517276
,,,,18.98871527777778,-0.0850627180109999,-0.8591083565703795,-0.0519451696579625,-0.8569196728066429,-0.8561193376164279,-0.8525181235982083
,,,,18.99956597222222,-0.0853830470846929,-0.8436621920339357,-0.0505701379011358,-0.8423544273116568,-0.8312591355543777,-0.8497320652599928
,,,,19.010416666666664,-0.083411458202307,-0.8340468202240369,-0.0494038231806562,-0.8299782765309047,-0.8332382840450018,-0.8324642065388497
,,,,19.02126736111111,-0.0824846631452261,-0.8208296105228801,-0.0485806688002857,-0.8248080437937296,-0.8244145648497954,-0.8190931831071546
,,,,19.032118055555557,-0.0800439951427449,-0.8071947283277473,-0.04791465210531,-0.8003701722204528,-0.7982218792910367,-0.798301057232782
,,,,19.04296875,-0.0781665284720738,-0.7793932435546371,-0.0472016964424253,-0.7882387375047275,-0.7790706332756245,-0.7924960731007612
,,,,19.053819444444443,-0.0780103118333765,-0.7729396989167214,-0.0464628683337432,-0.7744116587545624,-0.7690145700790216,-0.7687783885816117
,,,,19.06467013888889,-0.0756376960629867,-0.749538251736713,-0.0452110665046611,-0.7511682701739841,-0.7560094472551537,-0.761319669341402
,,,,19.07552083333333,-0.0743710464821293,-0.7367147881113363,-0.0444681165184386,-0.7448983133532138,-0.7446454977837641,-0.7347179996503888
,,,,19.08637152777778,-0.0717081505669548,-0.719230808507486,-0.0433450185068582,-0.7188892451103106,-0.722302086654131,-0.7250213930109024
,,,,19.09722222222222,-0.0715407856046812,-0.7068120864387898,-0.0422535930010556,-0.7001100046505946,-0.7093554676024159,-0.7044456560721942
,,,,19.108072916666664,-0.0683569187654038,-0.6876412912962602,-0.0410391934250941,-0.694556139045262,-0.682935728658393,-0.692524065505165
,,,,19.11892361111111,-0.0669413697772672,-0.675813012015425,-0.0401982556587139,-0.6740237628277048,-0.6712949069342862,-0.6697993402690153
,,,,19.129774305555557,-0.0668107010227561,-0.6603251768401427,-0.0391973390818467,-0.6523430047352848,-0.6514679499288764,-0.6580298498155789
,,,,19.140625,-0.0630521239530496,-0.6357214366261732,-0.0381763436352802,-0.6389388673136561,-0.6393352548936846,-0.6343603284546064
,,,,19.151475694444443,-0.0607347702002149,-0.611622581485897,-0.0371162124411063,-0.6057707863306812,-0.6138085613262729,-0.6118854492438927
,,,,19.16232638888889,-0.0603109615433413,-0.588257102907054,-0.0364213268417961,-0.5988221738247567,-0.5994050338244687,-0.601228157336145
,,,,19.17317708333333,-0.0571400379038553,-0.5727698086343467,-0.0342183331369422,-0.5860810680927536,-0.5738767765764389,-0.5756767956754111
,,,,19.18402777777778,-0.0558085286965875,-0.5587515932329631,-0.0332815951956453,-0.5592910216362831,-0.5669229585582115,-0.5535556071327349
,,,,19.19487847222222,-0.0527361483247242,-0.5409663759661651,-0.0321136701365582,-0.5361692290726493,-0.5371725710378329,-0.5381478467303458
,,,,19.205729166666664,-0.0513542158067773,-0.5076855385606853,-0.031102576150728,-0.5122004331106452,-0.5134842561383952,-0.5183734280938553
,,,,19.21657986111111,-0.0493313974328551,-0.4901681601098292,-0.0295262633510853,-0.4864920589027287,-0.4898894257449052,-0.5017625565429941
,,,,19.227430555555557,-0.0471564775676808,-0.476024450682531,-0.0283665016494811,-0.4700746149107142,-0.480459428693058,-0.4807769675087819
,,,,19.23828125,-0.0447770024674154,-0.4456021963535144,-0.0265423284411167,-0.4546422164759561,-0.4458186019111624,-0.441667795632882
,,,,19.249131944444443,-0.0430940682016486,-0.4342933954623594,-0.0256705985831181,-0.4255787873556522,-0.4245656712646179,-0.4323775758571753
,,,,19.25998263888889,-0.0410556307127212,-0.4072097384129199,-0.0242179984198179,-0.403641536971051,-0.401514943186655,-0.4067558710239287
,,,,19.27083333333333,-0.0390587173851224,-0.3851432658851555,-0.0232444762365888,-0.3886526581594623,-0.383512638064087,-0.3713064773097887
,,,,19.28168402777778,-0.0358968245893152,-0.3589617524710549,-0.0219171291439518,-0.353286182873097,-0.3552098272851158,-0.365632955931139
,,,,19.29253472222222,-0.0327662604408489,-0.330785140489204,-0.0204417869584851,-0.339456251346445,-0.3425690398807202,-0.3302605225841404
,,,,19.303385416666664,-0.0318164974972836,-0.3101930326235124,-0.0186905929374362,-0.3090145106173975,-0.3135509596574155,-0.3051027437519729
,,,,19.31423611111111,-0.028659889184486,-0.2980334156108059,-0.0172807281693206,-0.2935564117717227,-0.2860765129374427,-0.2852942417358299
,,,,19.325086805555557,-0.0254545642433508,-0.2647458842966466,-0.0152905418735052,-0.2673939531905626,-0.2646815826094373,-0.2672052150481998
,,,,19.3359375,-0.0243267291288607,-0.2415796111621354,-0.014810106610318,-0.2433522905749066,-0.2363813638592608,-0.2434178454611439
,,,,19.346788194444443,-0.0227349003928373,-0.2213798452662451,-0.0131467415059614,-0.2311322124578879,-0.2172196099555957,-0.2168185116853218
,,,,19.35763888888889,-0.0194588985775002,-0.1987343712046848,-0.0118600001009569,-0.205691040793428,-0.1976965188048812,-0.2015076740630004
,,,,19.36848958333333,-0.0173574120566441,-0.1736133393565466,-0.0097048360023372,-0.1710890341346552,-0.1659333211665005,-0.1775219661453106
,,,,19.37934027777778,-0.0149125927489402,-0.1543009383019403,-0.0086581162414619,-0.151727078430268,-0.1468812206814157,-0.1420404830875787
,,,,19.39019097222222,-0.0111540169289955,-0.1265119592619545,-0.0075165580308022,-0.118689253610231,-0.1270395751020942,-0.1266575231937282
,,,,19.401041666666664,-0.00942661689912,-0.1029616032447399,-0.0056717292705396,-0.1045462263964263,-0.0984928552146266,-0.1046090540696377
,,,,19.41189236111111,-0.0068859802721031,-0.0758034293115239,-0.0044618072433296,-0.0607473296218076,-0.0751489762922553,-0.0753469786897174
,,,,19.422743055555557,-0.0054218168180613,-0.0524439159633611,-0.0032448977813064,-0.0449116622108218,-0.052031097408882,-0.0544464045296217
,,,,19.43359375,-0.0023819800773843,-0.0254923348807428,-0.001932266299079,-0.0202452268652801,-0.0209899053284566,-0.0241095854069108
,,,,19.444444444444443,-0.0007597351568374,-0.0011908242870616,-3.024647136019905e-05,0.0067798223991805,0.0058730539920151,0.0023966531105814
,,,,19.45529513888889,0.0029536939500306,0.022302920189668,0.00144983414815,0.0319547839245414,0.0201199272039468,0.0254306397116285
,,,,19.46614583333333,0.004576346477988,0.045009499418658,0.00289287643666,0.0472785046422082,0.038078277192864,0.0483169249835606
,,,,19.47699652777778,0.0070843451224174,0.0805729090980791,0.0042679563332425,0.0786359291186754,0.0678520962853993,0.074727120340707
,,,,19.48784722222222,0.0090349111660317,0.1037936957078673,0.0054410405922916,0.0925582265224948,0.0965732126021432,0.1044814079143467
,,,,19.498697916666664,0.0114733601155458,0.125014116988046,0.0072595653711965,0.1215674495700525,0.1250300461135096,0.1252943166601335
,,,,19.50954861111111,0.0145359214222346,0.1468115403310882,0.0088585042495342,0.148124995074343,0.1472367664934358,0.1471133407086045
,,,,19.520399305555557,0.0173577150474045,0.1770859640806904,0.0103606298415197,0.1691862933670617,0.1752933121268868,0.1698506394133976
,,,,19.53125,0.01981132952306,0.2030776019967776,0.0122039815345025,0.1961754069126657,0.1910998898775917,0.200498190645099
,,,,19.542100694444443,0.0223487297562007,0.212125757894576,0.0135725525657915,0.2078835840409785,0.2186388649374567,0.2214565690968087
,,,,19.55295138888889,0.0235744435567413,0.2374115879422251,0.014529715855899,0.2475601893775895,0.2461475903611996,0.2442387508212856
,,,,19.56380208333333,0.0269856100537604,0.2736961499535058,0.016280042242141,0.2604517069231971,0.2650870368008368,0.2573940065716192
,,,,19.57465277777778,0.0289446467677628,0.2892260025046398,0.0175100008210801,0.2772704237628604,0.2973754260987053,0.2992156773405676
,,,,19.58550347222222,0.0305292545861814,0.3143120881305565,0.0186269569023142,0.315139914629992,0.3195463072931604,0.3130589496220263
,,,,19.596354166666664,0.0339071314460914,0.331971469435743,0.020046789124796,0.3494165228188979,0.327550503157807,0.3387745859796526
,,,,19.60720486111111,0.0367203321258003,0.3553557980955274,0.021556254676305,0.3515272186462511,0.3564145444632316,0.3702722943252373
,,,,19.618055555555557,0.037774045480573,0.3819786207442702,0.0229274407903228,0.3811817867890117,0.3813376953686372,0.3811920170289102
,,,,19.62890625,0.0402314795306627,0.4018667465748892,0.0244186412409348,0.4012327827319517,0.3997712129131114,0.4121936525761308
,,,,19.639756944444443,0.043037128178331,0.4255288042300891,0.0257601163498267,0.4218999498848106,0.4232394315455545,0.4323564044568606
,,,,19.65060763888889,0.0448163808322692,0.4444438559438094,0.026941459010133,0.4521369875201836,0.4521235007742819,0.4530458443839256
,,,,19.66145833333333,0.046740655232875,0.4682861780051905,0.028284668376697,0.4787621943018401,0.4621661478794994,0.4781476596513898
,,,,19.67230902777778,0.0483661121215881,0.4855858919296984,0.0295153452052223,0.4859207698734629,0.4932376850045187,0.4933464030941991
,,,,19.68315972222222,0.0521770209885327,0.5159161107240944,0.0308738842296672,0.5120514330347151,0.514154574280003,0.518386120597522
,,,,19.694010416666664,0.0530309723453948,0.5417248471309779,0.0320446849388426,0.540177760547113,0.534430534024972,0.5332794405122722
,,,,19.70486111111111,0.0556585729325068,0.5588629745566304,0.033642630428478,0.5589566321771183,0.557380714078896,0.5685099269920025
,,,,19.715711805555557,0.057552661697857,0.578524566281877,0.034968690877694,0.57486253802627,0.5678208220584423,0.5653403038281715
,,,,19.7265625,0.0599566010009707,0.5918157750311993,0.0356462272218395,0.599759778287141,0.5917853103115519,0.5999071218484097
,,,,19.737413194444443,0.0616308474165733,0.615432288604929,0.0366961997700597,0.6140192682580089,0.6124965567952819,0.6135561560807569
,,,,19.74826388888889,0.0636674338986038,0.6391655554250483,0.0379045709374558,0.6298484895282894,0.6413049495741501,0.6384965562776479
,,,,19.75911458333333,0.0665557434520214,0.6574652082178769,0.0383124826414916,0.6507364219993849,0.6533481004424266,0.6474440200288474
,,,,19.76996527777778,0.0668444476192807,0.6712731978567603,0.0404294775553132,0.6743971383204769,0.667585506785121,0.6732629722290746
,,,,19.78081597222222,0.0685438270216281,0.6943176484135671,0.0413077892376722,0.6973619405504611,0.6948211913577655,0.6980046915031588
,,,,19.791666666666664,0.0697859232003935,0.70991862491986,0.0422282678110281,0.7097551113336823,0.706327027341292,0.7083786319914727
,,,,19.80251736111111,0.0730814822124811,0.7301019687595324,0.0430380804490484,0.7255074582429049,0.7256304187980429,0.7164859963519243
,,,,19.813368055555557,0.0742098377509079,0.7469370622208859,0.0443190661426192,0.7412893151810961,0.7431347671120553,0.7510003756451773
,,,,19.82421875,0.0759446930564245,0.7627361431542342,0.045466603530949,0.7561704012539864,0.7656429677719164,0.7605131933420447
,,,,19.835069444444443,0.0773763132967472,0.7728604065512831,0.0467695883558467,0.773501015480568,0.776904048707741,0.7700897115006754
,,,,19.84592013888889,0.0796218349773191,0.7924067751287162,0.0472869194873172,0.7859525184601369,0.7938381363426933,0.7871475188576635
,,,,19.85677083333333,0.0807365959971113,0.8037091031942489,0.0480710180902379,0.8061688632839056,0.7981909519781859,0.8107625052684593
,,,,19.86762152777778,0.0811613584541276,0.8175272292344251,0.0492633775041361,0.8107677287719863,0.8219511532321476,0.816175310695149
,,,,19.87847222222222,0.083765479774929,0.835750002951161,0.0497142118224189,0.8186365995949831,0.8309529849093991,0.8259377386439211
,,,,19.889322916666664,0.0846739722270692,0.8509772677297794,0.0510399055709002,0.8475211801359404,0.83727876921043,0.850750836357203
,,,,19.90017361111111,0.0861587198118847,0.8527738114712439,0.0514825923197861,0.8552367487376099,0.8585938777774786,0.8537184749427621
,,,,19.911024305555557,0.0871516984656888,0.8655418941905625,0.0520653752750815,0.8663366836613191,0.8632659805224921,0.8699320571722781
,,,,19.921875,0.0883176485228841,0.8745336615222049,0.0528502218008973,0.8843624225186795,0.8738076178916553,0.8855225008578562
,,,,19.932725694444443,0.0887541081539168,0.8988438560032533,0.0530794003821232,0.8810449224991089,0.8936965985633175,0.8937320342886396
,,,,19.94357638888889,0.0908697514087602,0.9082705840583208,0.054375838089818,0.9008922049294368,0.9086719705430976,0.9005348436213271
,,,,19.95442708333333,0.0920564510970877,0.9219421857726658,0.055391532608733,0.9190132504995884,0.9036547890517632,0.9091557485552858
,,,,19.96527777777778,0.0914480232757492,0.9211035263452934,0.055369670209266,0.9187963009173088,0.9274351731022062,0.9235760799627324
,,,,19.97612847222222,0.0927774439663614,0.9327367642652024,0.055398422780905,0.933112154397023,0.9335131822291352,0.9349470977003516
,,,,19.986979166666664,0.0948122840818346,0.9371833423802396,0.0565915788423581,0.942074053234872,0.9451496998595434,0.9431264396086432
,,,,19.99782986111111,0.0947174482216418,0.9481155870925828,0.0571172247709222,0.9492028980793584,0.9575165237930484,0.9501912697258004
,,,,20.008680555555557,0.0957376761801227,0.946418928497696,0.0571284494546887,0.961439421293144,0.9703646043089968,0.9593944052034958
,,,,20.01953125,0.0963362025014428,0.962899109562614,0.0573435795412686,0.9627590691924556,0.9774268274718372,0.9610805616029432
,,,,20.030381944444443,0.096577184541799,0.9765531549530088,0.0586285719945309,0.9656280540163956,0.974003096431541,0.9710787609489856
,,,,20.04123263888889,0.0978040806861879,0.9736598173361934,0.0580962222770135,0.972924234884846,0.974163168445728,0.973336401907929
,,,,20.05208333333333,0.0978360709500461,0.9783964069511992,0.0587619005434402,0.9815177332272702,0.975895167460301,0.9908641000473468
,,,,20.06293402777778,0.0975623371138443,0.9806874421378784,0.0589888841453808,0.990332239725172,0.9842973795810186,0.9897364916535452
,,,,20.07378472222222,0.0997343678574101,0.9941489710143248,0.0595524317279905,0.9899498924527016,0.9909108753776678,0.9928320010257192
,,,,20.084635416666664,0.0992149730389516,0.9954330918675448,0.0595949679685705,0.9897210955378708,0.9942846826297416,0.9971743400676402
,,,,20.09548611111111,0.0993446835878876,0.9990523067227608,0.0591055456993484,0.9994320040217536,0.999723350636863,0.9925871684405294
,,,,20.106336805555557,0.1001035628054993,1.0016044726720756,0.059552327660656,0.990152295370334,0.9974231483078888,0.9936164824938196
,,,,20.1171875,0.0995599537676221,0.9943931258511276,0.059598485829972,1.0037216230967911,0.9976472424249452,0.993457488284854
,,,,20.128038194444443,0.0995626909303435,0.9968185134495616,0.0603056550577152,0.9945562002233704,1.004025270737476,0.9980600390323736
,,,,20.13888888888889,0.0997419088346881,0.9980940694520412,0.0596014723260224,1.0044831005217212,0.9884999594910608,0.986987130707036
,,,,20.14973958333333,0.0996221342307971,0.991848517797316,0.0602788831969252,0.9950265877450384,1.000716531386752,0.994957964217685
,,,,20.16059027777778,0.0998418625036301,0.9884797032016608,0.0599025351140953,1.0069391100264955,0.9908523587846512,1.0040645461548297
,,,,20.17144097222222,0.0993950574961063,0.9963702299296284,0.0601428315948577,0.9875977625009342,0.9976862016957764,0.988588958471784
,,,,20.182291666666664,0.0994103150687334,0.9881210675040384,0.0601215695744514,0.9889658886772263,1.0009959932074233,0.9984092334005727
,,,,20.19314236111111,0.0993351258017501,0.9896899594106254,0.0597625614014614,0.9929295115134676,0.992284161464633,0.987961385580028
,,,,20.203993055555557,0.0997477839302652,0.9853381334406704,0.0595033157362387,0.983291226693516,0.991670622222406,0.9930676753250828
,,,,20.21484375,0.0985203829331206,0.9927594080270342,0.0587500607346801,0.9753307607167216,0.9814990196599248,0.989287043923238
,,,,20.225694444444443,0.0976002719749957,0.9910569145028106,0.0584016695262074,0.9836347565031008,0.9766720763501732,0.9837281913518874
,,,,20.23654513888889,0.096984712906763,0.98011312654661,0.0583422066040585,0.9768499851062536,0.97397630735815,0.976663833359742
,,,,20.24739583333333,0.0972770382742127,0.9657368091054926,0.058550923392288,0.9729463341622482,0.9741670563826426,0.9684862248925314
,,,,20.25824652777778,0.0967040341330712,0.9523460996802232,0.0579527185559399,0.9649991301465684,0.9640740813944793,0.9609935207364836
,,,,20.26909722222222,0.0952575059116532,0.9518669087554305,0.0570315344262121,0.9615470332372849,0.9484244821037462,0.9662844392192046
,,,,20.279947916666664,0.0944317254091487,0.953984548539311,0.0569636292784311,0.9516479883168648,0.9544817789096368,0.9497567850027756
,,,,20.29079861111111,0.0945251578001479,0.9418661849475743,0.0564813371606692,0.9459148799763536,0.9465921323842412,0.9474440771199764
,,,,20.301649305555557,0.0926533156841436,0.9359216405073754,0.055923147195085,0.9253279547396212,0.9266993287476986,0.932151992359618
,,,,20.3125,0.0928094267893741,0.9345249296968842,0.0558951805597874,0.9231954587480264,0.922352431456588,0.9233748509194024
,,,,20.323350694444443,0.0912019315165604,0.9156650394147996,0.0547115602643067,0.9111150391842552,0.90765787824947,0.9073301929235916
,,,,20.33420138888889,0.0895751627075914,0.9049519244906428,0.0544883882399398,0.9026783934179788,0.89935880936244,0.909172102827612
,,,,20.34505208333333,0.0889157423081537,0.885519803522117,0.0532655542248305,0.8921652402505256,0.8972378953222723,0.8963922068826925
,,,,20.35590277777778,0.0877222963816283,0.8759286837955456,0.0530303411065993,0.8789058049127797,0.8859229143599803,0.8848929428228922
,,,,20.36675347222222,0.0867534094657026,0.8683193939279761,0.0521421969510358,0.86978557542077,0.8753140109016009,0.8703109170539637
,,,,20.377604166666664,0.0858689470185423,0.8599833321165132,0.0513293252842116,0.8612648886172802,0.8567741832285751,0.846880742464116
,,,,20.38845486111111,0.0852691788827096,0.8474740249534692,0.050895471781555,0.8478376475354765,0.8438370935632621,0.8443980166133547
,,,,20.399305555555557,0.0828212592735644,0.8327133147735386,0.0501556378196934,0.8301347542417961,0.8252552159799997,0.8385295740484823
,,,,20.41015625,0.0819128295952079,0.8174281140786832,0.0492990704445985,0.8155326921602448,0.8223670755051331,0.8163744610445833
,,,,20.421006944444443,0.0802534898824761,0.8093663053748962,0.0486814551543243,0.8096060077623431,0.8047477971617951,0.7987882791282661
,,,,20.43185763888889,0.0789298642789326,0.7915397271087896,0.0472894695093179,0.7921652320631354,0.80108470910938,0.782497679049918
,,,,20.44270833333333,0.0773205775447946,0.7723267601876067,0.0462884255176689,0.7723289407167115,0.7684714252301309,0.7712391888056249
,,,,20.45355902777778,0.0755594016652444,0.7580250947377284,0.0451826438134112,0.7529043803186479,0.76759989792019,0.7474579310284573
,,,,20.46440972222222,0.0744170819517741,0.752748262268462,0.0444689493472184,0.7518284096059928,0.7431889889255809,0.7413240435611717
,,,,20.475260416666664,0.0737060370693833,0.7218911950964727,0.0439523005388317,0.7270374302235966,0.7164194109974084,0.7222259815170944
,,,,20.48611111111111,0.0706576017965625,0.7012826036125324,0.0426514591716614,0.7003389153828076,0.7028761145610154,0.7033739958280671
,,,,20.496961805555557,0.0681218641687136,0.6858923921911518,0.0413054947748402,0.696174952226721,0.692333801341724,0.6946749634876848
,,,,20.5078125,0.0667235918022168,0.6709064812161472,0.0399954423977083,0.6689411366638457,0.6636742130738641,0.66759033945477
,,,,20.518663194444443,0.0646460278038509,0.6551338318001636,0.0393428631145951,0.6563264058811022,0.6486424421653048,0.656039353788629
,,,,20.52951388888889,0.0638341331210407,0.6271362811803715,0.0382213670185,0.645602575702949,0.6380953299215975,0.6387966111562949
,,,,20.54036458333333,0.0619457260901895,0.6149774273901378,0.0367868261871872,0.610997441337108,0.6056019483158025,0.6165703525361659
,,,,20.55121527777778,0.0593803558825828,0.5951781904969419,0.0354342636222319,0.5905970948713914,0.6037091398352864,0.5919477968488738
,,,,20.56206597222222,0.0579947649653743,0.5663506570021105,0.0347114693804572,0.5833198276955534,0.5779604756244943,0.5790929913112525
,,,,20.572916666666664,0.0551388338064091,0.5479026983019231,0.0336705116614244,0.5513789727103057,0.5617671756909908,0.551328932401501
,,,,20.58376736111111,0.0535630841287685,0.5300018953973488,0.0318852363406176,0.534789228194211,0.5401720469866599,0.5434545856749605
,,,,20.594618055555557,0.051480516361788,0.5215093991807812,0.0303134112335352,0.5076482675823024,0.5105163006795589,0.512612627116019
,,,,20.60546875,0.0489897751856706,0.4967999023607692,0.0296457666485685,0.4946448656775636,0.480510588952302,0.4980622307773443
,,,,20.616319444444443,0.0475171850037644,0.4768806850833066,0.0285081773588167,0.470354106662696,0.4636765119000943,0.4709118649484575
,,,,20.62717013888889,0.0443163708811112,0.4465353176007486,0.0268038540361464,0.4549927297697273,0.4554217836348294,0.4481208865129513
,,,,20.63802083333333,0.0420811116989402,0.4283410475881032,0.0253209004583158,0.4155086773465643,0.424431393173356,0.4327079603155551
,,,,20.64887152777778,0.0401233978268501,0.4076941424713806,0.0246551525815517,0.4032073152330997,0.4098084511121789,0.4026112013760927
,,,,20.65972222222222,0.0391001384707301,0.382379721200834,0.0231521418222942,0.3820831358444166,0.3813154028032948,0.3830108860488889
,,,,20.670572916666664,0.0368612535533997,0.3523904946698657,0.0213555624720482,0.3580464414947049,0.3535343353430823,0.3630871130426406
,,,,20.68142361111111,0.033609888511739,0.3397233018285243,0.0198162551623575,0.3433012726002938,0.3410780433589468,0.3309509852011896
,,,,20.692274305555557,0.0311750359281642,0.3054686466946081,0.0191602722649291,0.308098348574965,0.3130883299790803,0.3115196610848421
,,,,20.703125,0.0284956279350112,0.2924858917040934,0.0173040575791946,0.2894655481249001,0.2909548265889151,0.2901048880790601
,,,,20.713975694444443,0.0268354346024327,0.2672865779002724,0.0161631953877987,0.2712390791088055,0.2670120274541309,0.2611790857326217
,,,,20.72482638888889,0.0240947279213636,0.2377128158863048,0.0143864259326425,0.2480024943362175,0.2423641113283189,0.2404090426050085
,,,,20.73567708333333,0.0216954284742753,0.2201215290004687,0.0132714211044881,0.2135500444940095,0.2166068622829755,0.223403974587571
,,,,20.74652777777778,0.0193206800983775,0.1915764301194411,0.0113789006789638,0.1967769026733617,0.1983779236574637,0.1994725985811696
,,,,20.75737847222222,0.0180465131098005,0.178775221276735,0.010324613078337,0.179452992738418,0.1742490033094841,0.1686961842242356
,,,,20.768229166666664,0.0149233529918715,0.1539054026184362,0.009000008817372,0.1470201380983581,0.1543015318629945,0.1545527237455553
,,,,20.77907986111111,0.0126670560156641,0.1218057355367149,0.0068521224200364,0.1175848773946448,0.1258905664705748,0.1251830757931776
,,,,20.789930555555557,0.0084549292434321,0.10205383904417,0.0059835033792895,0.0985552827751884,0.0960734651657771,0.0949912731986643
,,,,20.80078125,0.0077345634206276,0.0757712415983775,0.0043650279035982,0.0736461703129047,0.0760850215937355,0.0686893319294349
,,,,20.811631944444443,0.0048997816380878,0.0579215002282682,0.0033022018652217,0.0566389816068552,0.0456398485653579,0.0431584036462363
,,,,20.82248263888889,0.0030427549752665,0.0269740612304301,0.0013163421353779,0.0327334548931134,0.0178304094242177,0.0220392543560601
,,,,20.83333333333333,6.726301156119049e-05,0.001884921927629,0.0001599987186816,-0.0066450994353587,0.002297502401869,-0.0040783390677487
,,,,20.84418402777778,-0.00283890088971,-0.0341852233351439,-0.0013862606069683,-0.0181963664053946,-0.0168091396886636,-0.0232326075255141
,,,,20.85503472222222,-0.006222620629995,-0.0503946710131717,-0.0032016375607979,-0.0463187455453486,-0.0562516217919547,-0.0497840085101167
,,,,20.865885416666664,-0.0080795464197639,-0.0694219295303964,-0.0044834732534331,-0.0746195197828326,-0.0662286472052095,-0.0697460501138438
,,,,20.87673611111111,-0.0101629824267361,-0.0956475791354985,-0.0059459400844465,-0.0941011619048916,-0.1008763990704702,-0.0968890126694218
,,,,20.887586805555557,-0.0127195853535811,-0.1237176803195917,-0.0072190865201577,-0.1315247320104286,-0.125982460770634,-0.1177979845307578
,,,,20.8984375,-0.0145934410499645,-0.1460596006901314,-0.0084929785698129,-0.1460501846886728,-0.1425337663019111,-0.1409841540887455
,,,,20.909288194444443,-0.0168216723525687,-0.1759137113827997,-0.0104239737839649,-0.1707331027797316,-0.1746632040008212,-0.1655646209886153
,,,,20.92013888888889,-0.0200800042363789,-0.1930950151888284,-0.0113333386695749,-0.1892950034183051,-0.196977449297268,-0.2053989298904821
,,,,20.93098958333333,-0.0223187140958684,-0.2250128263243463,-0.0136628820168708,-0.2104473039557862,-0.2179097006272118,-0.214539449197911
,,,,20.94184027777778,-0.0236065710262489,-0.246195715512231,-0.0145261509421967,-0.24660526430426,-0.237019500538957,-0.2420210040537676
,,,,20.95269097222222,-0.0271580540007286,-0.2713847981637149,-0.0159682030375027,-0.2606895450188198,-0.2772845436874495,-0.2767775512999036
,,,,20.963541666666664,-0.0298661810685844,-0.29670404627978,-0.0176057993419505,-0.2889439025361045,-0.2987098118648361,-0.2996405496979328
,,,,20.97439236111111,-0.0312576569060633,-0.308650298844958,-0.018537689011017,-0.3103160611613556,-0.3218303534195492,-0.3058437426900484
,,,,20.985243055555557,-0.0336128678095963,-0.3323038526430327,-0.0197807675078329,-0.3364276646737493,-0.3465676957617747,-0.3333535190523232
,,,,20.99609375,-0.0362965592047452,-0.3482460112122693,-0.0222590524118056,-0.3608352319956731,-0.3590238314295996,-0.3551595762446166
,,,,21.006944444444443,-0.0379166647816817,-0.3778328841124601,-0.02299345069816,-0.390123948823109,-0.3919423945175129,-0.3846866888257319
,,,,21.01779513888889,-0.0396945209064617,-0.4127885818535009,-0.0239966412315774,-0.4042915262535267,-0.4132353309309374,-0.4055781118232129
,,,,21.02864583333333,-0.042784355289875,-0.4286578247070949,-0.0249158566534062,-0.4276207004482281,-0.4226058261615211,-0.4266725378108175
,,,,21.03949652777778,-0.0443276421043359,-0.453205163303158,-0.0269946773472541,-0.4443674365376793,-0.4379900175682616,-0.4478412467819827
,,,,21.05034722222222,-0.0476179451143761,-0.4719185295540332,-0.0284289428324153,-0.4718847338414997,-0.4780948327999298,-0.4723178036782237
,,,,21.061197916666664,-0.0489888467278266,-0.4919603537677405,-0.0298841617139123,-0.4828077628636971,-0.4909245615389938,-0.4941414186107899
,,,,21.07204861111111,-0.0512002174054039,-0.5218250564216368,-0.031164151209751,-0.5183923229583698,-0.5125041021931963,-0.5194289297650304
,,,,21.082899305555557,-0.0541155715680678,-0.5240351870930767,-0.0321919514405597,-0.5287231038624747,-0.5339436789006469,-0.5253909216682546
,,,,21.09375,-0.0556276414392174,-0.5491190492832122,-0.0331008246076168,-0.5561048167628839,-0.5468948468903864,-0.5593951015775256
,,,,21.104600694444443,-0.057215594678742,-0.5803578547887647,-0.0342884010235703,-0.5712597507612688,-0.5890100073018059,-0.583500479569876
,,,,21.11545138888889,-0.0602038958755258,-0.5926623499304092,-0.0357378811075939,-0.5960311130195165,-0.5974269323646041,-0.5958717245083452
,,,,21.12630208333333,-0.061610011085914,-0.6060418316805363,-0.0367384137540393,-0.6101365761336498,-0.6041478432682058,-0.6135225068046708
,,,,21.13715277777778,-0.0635587014874123,-0.6350104333059348,-0.0383994600567436,-0.6339364539181378,-0.6288371224644972,-0.6282636331004214
,,,,21.14800347222222,-0.0650655362000735,-0.6509018326005114,-0.0396495434689925,-0.6512686652363492,-0.6497100783349026,-0.6570535849294991
,,,,21.158854166666664,-0.0676073036457833,-0.6739204992507917,-0.0401552126972863,-0.6695393406848011,-0.674563964423337,-0.671281261620856
,,,,21.16970486111111,-0.0686362437065833,-0.6942952418085079,-0.0417250048083276,-0.6839340968348722,-0.690845600364767,-0.6902907545851451
,,,,21.180555555555557,-0.0702929391676715,-0.7027228054990475,-0.0431271520622891,-0.709530826437338,-0.7079281759914634,-0.7107856445027942
,,,,21.19140625,-0.0728006159300799,-0.718682130654522,-0.043418083558744,-0.7285550447743862,-0.7245075408793142,-0.7216832646841557
,,,,21.202256944444443,-0.0741641778330063,-0.7473736486536259,-0.0446573311928701,-0.7427672870043593,-0.7443139507787909,-0.7322423844738039
,,,,21.21310763888889,-0.0767921695323494,-0.7669601209901578,-0.045161997243823,-0.7583035096147605,-0.7574365109123972,-0.7660362144956773
,,,,21.22395833333333,-0.0779309322303897,-0.7669046445062152,-0.0462740158334069,-0.7712772502035402,-0.7722762112721338,-0.7662781151165309
,,,,21.23480902777778,-0.0787585260207094,-0.8030697679409476,-0.0469690465126276,-0.7905630485840357,-0.7849576710277235,-0.7930726466208717
,,,,21.24565972222222,-0.0800849237007357,-0.8034614129067521,-0.0481506394375731,-0.8072745688070909,-0.8022062659430823,-0.8195991882195982
,,,,21.256510416666664,-0.0819762063042151,-0.8160963909526604,-0.0493611511456156,-0.8146664522394341,-0.8118821471283184,-0.8170602181889632
,,,,21.26736111111111,-0.0826439055305767,-0.8390968893315116,-0.0500161967226119,-0.8332119684006186,-0.8366407166971276,-0.8323935383468235
,,,,21.278211805555557,-0.0845061335168141,-0.8457916912727143,-0.050521974660075,-0.8445480546817684,-0.8574044652693403,-0.8487547407875856
,,,,21.2890625,-0.0858090619791704,-0.8597289754692404,-0.0517724878979487,-0.8619277698858111,-0.8511295562842365,-0.8570257273157433
,,,,21.299913194444443,-0.0865339457012533,-0.8716149208169182,-0.0513895533079998,-0.8717850912507409,-0.8708623410184968,-0.8636764451718398
,,,,21.31076388888889,-0.0884917208276939,-0.8787384649895291,-0.0530509447568164,-0.882801873476508,-0.884160497567563,-0.8901094621627028
,,,,21.32161458333333,-0.0895872149079847,-0.9039935267322776,-0.0533184287307998,-0.890776446155958,-0.8987756623567081,-0.8899062591775704
,,,,21.33246527777778,-0.0902453533119678,-0.908757650686312,-0.0537480857732282,-0.8971186700106674,-0.8946093251392196,-0.906824662089913
,,,,21.34331597222222,-0.0917154208663455,-0.9113831704485272,-0.0553936922084143,-0.9177178883128242,-0.9154821565426804,-0.9155516124692588
,,,,21.354166666666664,-0.0926268554901654,-0.9217074929839708,-0.0555194577323016,-0.9225401087829124,-0.9323239847736956,-0.9311232135439896
,,,,21.36501736111111,-0.0926952937154022,-0.9372930367253856,-0.0556624532325864,-0.9322985410775776,-0.9410308468556078,-0.934584130975102
,,,,21.375868055555557,-0.0940593950491851,-0.9421328031105136,-0.0565175284984221,-0.9441169470260612,-0.9375673798288242,-0.9438114179303452
,,,,21.38671875,-0.0946435401100372,-0.9525539219567686,-0.0568661669620341,-0.9502348612590672,-0.9446577280514084,-0.9480879230994552
,,,,21.397569444444443,-0.0963493130073772,-0.9565930193871024,-0.0577747045685332,-0.9647475145922668,-0.9577626966185072,-0.9535485936880184
,,,,21.40842013888889,-0.0962697497970049,-0.9617192889211016,-0.0582380613305434,-0.9630913231257074,-0.9671832707937674,-0.9508520428557262
,,,,21.41927083333333,-0.0965281332578955,-0.9759913067269852,-0.0575106589104437,-0.9644344603330928,-0.9631518030224182,-0.9593596988538516
,,,,21.43012152777778,-0.0969941409523063,-0.9745391945477794,-0.0574997513358136,-0.976682887746784,-0.9811074140912448,-0.979569261433591
,,,,21.44097222222222,-0.0976660376369732,-0.9884791968840608,-0.0590446734414426,-0.9861981108751472,-0.97723843386595,-0.9778013152315675
,,,,21.451822916666664,-0.0983777167323327,-0.9835344669227466,-0.0587661103555323,-0.9764657325399488,-0.987816382773496,-0.9837675134843378
,,,,21.46267361111111,-0.0985155345787031,-1.0019442777785488,-0.0593458503741322,-0.9942778393478068,-0.9846844592541704,-0.9821818841540592
,,,,21.473524305555557,-0.098597236116687,-0.9925096131473656,-0.0591916324159785,-0.9909524965172845,-0.9879251898617472,-0.9911876933649918
,,,,21.484375,-0.0999310614206803,-0.9866282537890207,-0.0597701990165311,-0.9974699609213248,-0.9981980761232432,-0.9935614320567088
,,,,21.495225694444443,-0.099550889171183,-1.0001789721264194,-0.0596104954563381,-0.9996584552700634,-1.00288605212328,-1.0033819825902413
,,,,21.50607638888889,-0.1000146616919684,-0.9995457999994232,-0.059653242936691,-1.0026008541902254,-1.003598138968698,-0.995939303472922
,,,,21.51692708333333,-0.0997790958507345,-1.002276781236299,-0.0600835137751073,-0.9993017698042764,-0.9923224334808164,-0.994591936540932
,,,,21.52777777777778,-0.0995375078477533,-1.0031593737469822,-0.0598136888635017,-1.0010147919487895,-0.9939951633546136,-0.9919328389781136
,,,,21.53862847222222,-0.1003658991813661,-0.9952209914029329,-0.0599913517084892,-1.0037119521404136,-1.0000739681025668,-0.9956993386224022
,,,,21.549479166666664,-0.0999457498506083,-1.0039115616471854,-0.0597029718672403,-0.9974689344337044,-0.9960421205013916,-1.002367761205597
,,,,21.56032986111111,-0.0986897243798792,-0.9950291622389948,-0.0596890011973749,-1.0002302170701842,-0.9886356832533316,-0.9998650707719304
,,,,21.571180555555557,-0.0992344373069046,-0.9893513118958416,-0.0602463322735603,-1.0062104925565374,-0.998242815263544,-0.9978073299781048
,,,,21.58203125,-0.0996318217974333,-0.9939916997800392,-0.0595418138851992,-0.9970366557992884,-0.9892431335859329,-0.9900576135421632
,,,,21.592881944444443,-0.0995248686552271,-0.9920207512537874,-0.0593595593329237,-0.9943378711255234,-0.9914818609252002,-0.9983415075086532
,,,,21.60373263888889,-0.0990687170400678,-0.9807350497524848,-0.0585611938155946,-0.9811933773156608,-0.9702858463899452,-0.9909517386563452
,,,,21.61458333333333,-0.0983722975530641,-0.9894988564656936,-0.0589193207354512,-0.9830866562602942,-0.979868955554947,-0.9807919767758412
,,,,21.62543402777778,-0.097248931556333,-0.9753448772673357,-0.0582154878991742,-0.9738991627775772,-0.9794254588349108,-0.9768181658446669
,,,,21.63628472222222,-0.0968405154227534,-0.9750939502930768,-0.0580499528925948,-0.9565794841882488,-0.9733430295700006,-0.9624933187321492
,,,,21.647135416666664,-0.0966529201082469,-0.9572002870699636,-0.0579328149044322,-0.9605045181175692,-0.9676042545361834,-0.9667701835102882
,,,,21.65798611111111,-0.0968929609794222,-0.9563241562898414,-0.0578197621324551,-0.9525716212079228,-0.9602188545697148,-0.9569253717711568
,,,,21.668836805555557,-0.0948448096278654,-0.9464007164699436,-0.057047273411396,-0.946972256936386,-0.9403566962058296,-0.9545742608190012
,,,,21.6796875,-0.094099104820859,-0.93668613675515,-0.0569284778309916,-0.9493753030952308,-0.9378498232353484,-0.9543680989147107
,,,,21.690538194444443,-0.0940032600187758,-0.931629619739092,-0.0559009161912323,-0.9349054792296878,-0.9283045275451416,-0.936790236577175
,,,,21.70138888888889,-0.0924988352395561,-0.9245817322500124,-0.0558278954355076,-0.9176795771597136,-0.9264800803262688,-0.9178978164459062
,,,,21.71223958333333,-0.0908909597878772,-0.9145243548235816,-0.055032700020778,-0.9142410844493564,-0.9176749554569704,-0.9223756191357998
,,,,21.72309027777778,-0.0895752666408524,-0.8979931539005006,-0.054708542850392,-0.9136155918361236,-0.9028359053635816,-0.900833727006839
,,,,21.73394097222222,-0.0900496310559154,-0.885894458208633,-0.0535054814139899,-0.8918371669038142,-0.8978720280948168,-0.8857485628416337
,,,,21.744791666666664,-0.0887733073029918,-0.8764987412216976,-0.052778699007984,-0.8847734003269203,-0.8883019747750036,-0.8773683845948896
,,,,21.75564236111111,-0.0871364738525783,-0.8740284094638385,-0.0528923482125895,-0.8723950170286364,-0.8689195708482971,-0.8702456417192285
,,,,21.766493055555557,-0.0850680337359039,-0.8588828178468897,-0.0514799232069503,-0.857962095706505,-0.8588595683309568,-0.8561143091937048
,,,,21.77734375,-0.0848138483892846,-0.845719584623002,-0.0506909730205032,-0.8432027258130844,-0.8451530173154136,-0.8563395980532036
,,,,21.788194444444443,-0.0824318023947991,-0.8353911538976807,-0.0496830929267557,-0.8197596499074573,-0.8260524886008287,-0.8336192569378736
,,,,21.79904513888889,-0.0807004760218685,-0.8152392764309833,-0.0489684388299406,-0.8207270276246326,-0.8037100625000142,-0.8179114129606322
,,,,21.80989583333333,-0.0810977682010593,-0.7926209927813915,-0.0483694499503482,-0.8037387234805357,-0.8084546466815654,-0.800908128489087
,,,,21.82074652777778,-0.0779525761195867,-0.7803008971356796,-0.047600136508252,-0.7921750463163049,-0.7868702076959818,-0.7815351240927793
,,,,21.83159722222222,-0.077522656482133,-0.7683131675952186,-0.0461380590039376,-0.7685024485708252,-0.7689680081921659,-0.7656666762926908
,,,,21.842447916666664,-0.0758695757336374,-0.7480283349002289,-0.0456446681375063,-0.7530020836693442,-0.7519766490942287,-0.7606530406430645
,,,,21.85329861111111,-0.0727732981992333,-0.7370228546704507,-0.0445913866822475,-0.7453655339033092,-0.7464212591166968,-0.7332177664073845
,,,,21.864149305555557,-0.0727044000329764,-0.7263214697817284,-0.0434259981208491,-0.730245499655135,-0.7227661691510682,-0.7245436284549709
,,,,21.875,-0.0716810606143019,-0.7076529701996855,-0.0422534639157497,-0.7076812028166537,-0.7089307198715463,-0.7039340923462905
,,,,21.885850694444443,-0.0692171160260735,-0.6968466399442936,-0.0418618111462266,-0.6890051652036228,-0.6860846107864257,-0.6919678436127937
,,,,21.89670138888889,-0.0675769173838597,-0.6785266320890327,-0.0399149400176573,-0.6741658076638467,-0.6750234001562969,-0.6714717412727318
,,,,21.90755208333333,-0.0657554363228285,-0.6518177711703756,-0.0391792746660397,-0.6587638508249918,-0.6527665920228117,-0.6536411387073019
,,,,21.91840277777778,-0.0634511492206467,-0.6398440551647054,-0.0379354236127604,-0.6394484036321414,-0.6310509745992463,-0.6239234879825346
,,,,21.92925347222222,-0.0608067203719745,-0.617176399134568,-0.0368781373192735,-0.6168292452908559,-0.6090718231019645,-0.6207509846211853
,,,,21.940104166666664,-0.0598823780164548,-0.6013849895892639,-0.0353546655514279,-0.6012076108841429,-0.5950755929502562,-0.594841454062504
,,,,21.95095486111111,-0.0571425647863674,-0.5710534023237677,-0.0338857465662873,-0.5809736771690677,-0.5709648002043298,-0.570629407043326
,,,,21.961805555555557,-0.0554550332210033,-0.5599734667943886,-0.0342795628170438,-0.5585316751067871,-0.5546062522770132,-0.5516258268307254
,,,,21.97265625,-0.0532741603067686,-0.5358890269093703,-0.0318674830487881,-0.5319163856217654,-0.5352149030957025,-0.5406943862293081
,,,,21.983506944444443,-0.0521767925027172,-0.5206010548795224,-0.0310276518307182,-0.5170102051939495,-0.5191608545267938,-0.5106092411853248
,,,,21.99435763888889,-0.0499367396379359,-0.4877449530281339,-0.0294871523249875,-0.495049930030867,-0.4930152458400494,-0.4861459099303452
,,,,22.00520833333333,-0.0468725644857685,-0.4788192877112669,-0.0282739629436768,-0.4843913243583307,-0.4746416550224494,-0.458747269395816
,,,,22.01605902777778,-0.0448454850458147,-0.4448646178323298,-0.0275955145081946,-0.4471931448296204,-0.4494616104105037,-0.456051915387571
,,,,22.02690972222222,-0.0431117306324395,-0.4291845528290887,-0.0253631852331904,-0.4339596955853916,-0.4206446060125987,-0.4253762410092869
,,,,22.037760416666664,-0.039759671266929,-0.4007499029588592,-0.0241965966248112,-0.4009839820066656,-0.402658015844973,-0.4021575934369916
,,,,22.04861111111111,-0.0395607162736118,-0.3931662630516077,-0.0232772356568798,-0.3845648272186344,-0.3806858182734906,-0.3815289316240894
,,,,22.059461805555557,-0.03579876495057,-0.3660634782089402,-0.0217289259918398,-0.3578196960619899,-0.3589332247107751,-0.3543545229045571
,,,,22.0703125,-0.0345993116219546,-0.3421422239900847,-0.0203327574301816,-0.3379502011451823,-0.3313465665908803,-0.3391473394002197
,,,,22.081163194444443,-0.0317101955558034,-0.3131585842360859,-0.0183404126095314,-0.3111311164475949,-0.3130269024886592,-0.3155250126208287
,,,,22.09201388888889,-0.0284662507521589,-0.2925825543802608,-0.0173356455329609,-0.2843298048883118,-0.2818116144300588,-0.2886239783520923
,,,,22.10286458333333,-0.0265886038655928,-0.2682255824233397,-0.0159201153929552,-0.2580891693061549,-0.2669681335390856,-0.2662832750469335
,,,,22.11371527777778,-0.0244552686029194,-0.2402731011863561,-0.014967195915279,-0.2463870701639854,-0.2393683607326478,-0.231616692216838
,,,,22.12456597222222,-0.021903255290159,-0.2144573098105678,-0.0128409865945043,-0.2200200074505023,-0.2182639040558925,-0.2187537577298059
,,,,22.135416666666664,-0.0198549504095753,-0.1901383263243675,-0.0113611766650487,-0.1930673534361068,-0.1898005120260999,-0.1853759805372732
,,,,22.14626736111111,-0.0171086014959347,-0.1730338077772565,-0.0100655778919932,-0.1680387767927876,-0.1761660110773994,-0.1656354092866991
,,,,22.157118055555557,-0.1490924738254693,-0.141689719267753,-0.0087276522561112,-0.1405138988104362,-0.1450351950455456,-0.1503398520307075
,,,,22.16796875,-0.1233197445110245,-0.1262146340955506,-0.0075632991421024,-0.1092026360421082,-0.1177114501556613,-0.1234271430695912
,,,,22.178819444444443,-0.0962219954221255,-0.0999413984613238,-0.0064029529025242,-0.0935318615883222,-0.1060295983650477,-0.103391928761878
,,,,22.18967013888889,-0.0754332605704083,-0.0780650987810681,-0.0046815092033043,-0.0794695682584053,-0.0753580968376378,-0.0637067709379961
,,,,22.20052083333333,-0.045866020368716,-0.0510947237120462,-0.0030077936682381,-0.0494518381540604,-0.046972156772145,-0.050413663676713
,,,,22.21137152777778,-0.024407586756296,-0.0218118752235081,-0.0014560889723489,-0.0177111985820931,-0.0347619610141906,-0.0238797020256364
,,,,22.22222222222222,0.0001886519807799,0.007772111701932,-0.0004313293215625,0.0024865742187165,0.0028916994472808,-0.0063905217043548
,,,,22.233072916666664,0.026589963487466,0.0106641819046174,0.0014166163249281,0.0238534738451447,0.0251932081376608,0.0164257489644008
,,,,22.24392361111111,0.0469279701160148,0.0543158646587105,0.0027798759796896,0.0520269420971103,0.0566699433466772,0.0376714368042837
,,,,22.254774305555557,0.0734612677581495,0.0704342187019148,0.0043048048580184,0.0781438580649775,0.0788616492738333,0.0626808025042508
,,,,22.265625,0.0886408011296054,0.09882368663401,0.0058467794509199,0.1043583252697219,0.0947939706057518,0.088396597846488
,,,,22.276475694444443,0.1143903862574398,0.1172171394256925,0.0075484224683772,0.1180601997648114,0.1299367239126876,0.1232641042133456
,,,,22.28732638888889,0.1569835986261724,0.145650642345446,0.0086737135951877,0.1473834988268731,0.1406727552338024,0.1411043614464993
,,,,22.29817708333333,0.175288525563582,0.1725433941598154,0.010101464182137,0.1674475345084765,0.1691467745152709,0.1726912302855969
,,,,22.30902777777778,0.1958895887412399,0.1920672829794876,0.011550573215335,0.1947491758519267,0.1912071173483414,0.197219562754902
,,,,22.31987847222222,0.2167716874555879,0.2175944379248072,0.0128041484201414,0.2202742255472593,0.2167909547414594,0.2158694701101514
,,,,22.330729166666664,0.2449549229984873,0.2428176076512979,0.0145572778811986,0.2407936774366166,0.2450396588681792,0.2383152274029421
,,,,22.34157986111111,0.2703487272282042,0.269022513890581,0.0156532382334482,0.2632878452964092,0.2765043498656404,0.2645062252244951
,,,,22.352430555555557,0.2901943990983323,0.2929865147748992,0.0174045862383468,0.2905529967681266,0.2936729403542586,0.2895397938466985
,,,,22.36328125,0.3142953917381974,0.3138205424833216,0.0186693520403597,0.3223833523848344,0.3156190621843586,0.3057970301061824
,,,,22.374131944444443,0.3431826416191125,0.3272156111843633,0.0196617471891638,0.3378151846568215,0.3388803934804754,0.3300183333963677
,,,,22.38498263888889,0.3614577586804162,0.3621466808835404,0.021714525515487,0.3632747768673685,0.361061144718993,0.3494090546906442
,,,,22.39583333333333,0.3774274955696264,0.3855441954553559,0.0234162696560376,0.3864849679049442,0.3825782612000154,0.3821140572143664
,,,,22.40668402777778,0.4103675205370958,0.4024287942664612,0.0241330189555123,0.4063980969814116,0.3993609692441354,0.4068446782478793
,,,,22.41753472222222,0.4272875151173463,0.4292666037493632,0.0254487506680755,0.4256576872137467,0.425148671197016,0.4352682472232994
,,,,22.428385416666664,0.4573094115693145,0.4448246319295859,0.0272454725022435,0.4404719978163133,0.4471416220909823,0.4489741425790881
,,,,22.43923611111111,0.4693045380432694,0.4785408280854777,0.0276685641798702,0.4777498559934159,0.4784538499498892,0.4812991402831033
,,,,22.450086805555557,0.4935297793382653,0.4862957658313716,0.02918677435248,0.4973550142592161,0.4843690199836549,0.4945591645147079
,,,,22.4609375,0.5123936787585173,0.5095316746826714,0.0308095984516471,0.5208124563707563,0.5097026423765343,0.5120891933978247
,,,,22.471788194444443,0.5398996361353642,0.5373486299291981,0.0321757665345487,0.5301935114114413,0.5362375866009903,0.5373096714407436
,,,,22.48263888888889,0.5603431229094075,0.559642562735047,0.0325836603898903,0.5568794736656598,0.5574850815120389,0.5531070658596318
,,,,22.49348958333333,0.5745609242676432,0.580737006056099,0.0345517451167925,0.574494116598779,0.5843897052430143,0.5760757671898408
,,,,22.50434027777778,0.5913652494373811,0.5995805431565089,0.0361134668773923,0.5961642176419302,0.5961687413032988,0.6014523003485983
,,,,22.51519097222222,0.6142880752763766,0.611415176766274,0.036669296141952,0.6127653416049275,0.6054334366585084,0.6178602515011165
,,,,22.526041666666664,0.6341488089264287,0.6369257907883749,0.0385793321507275,0.6331987675721263,0.6308693063276747,0.6336817643538836
,,,,22.53689236111111,0.64897550789215,0.6545557910316999,0.0391630419617852,0.647833510360798,0.6471477028604292,0.6532390288035954
,,,,22.547743055555557,0.6737773867610791,0.6682936693263823,0.0398575505182785,0.6718530716288791,0.6681511751718522,0.6762367309117073
,,,,22.55859375,0.6817356303096167,0.6895656739242623,0.0412917529788555,0.6872183039803532,0.6859097802560913,0.6910230930166614
,,,,22.569444444444443,0.6997513951968479,0.7027299856784762,0.0425506676629976,0.7069574510851313,0.6982767702117882,0.7054474806699924
,,,,22.58029513888889,0.7182432547242606,0.7223926222836545,0.0435768974697107,0.7237043616905429,0.7269703484297816,0.728854978088801
,,,,22.59114583333333,0.7400474455095858,0.7300050271918613,0.0446352379124949,0.7383050073918931,0.7466375006895861,0.7446412183292819
,,,,22.60199652777778,0.7547005494804953,0.7620793953199086,0.0449616637938101,0.7498041166781514,0.7613874937484533,0.7498736169723145
,,,,22.61284722222222,0.7681400634143976,0.774393606453216,0.0462088712273764,0.7748390248411772,0.7802087086643932,0.7730851894586634
,,,,22.623697916666664,0.7957100728764305,0.7938735367297503,0.0476487332935705,0.7855856485368252,0.7825238256799675,0.7933776539100084
,,,,22.63454861111111,0.805622047594758,0.8044350595507014,0.0478748985320405,0.7975213125708795,0.7967808698936927,0.8077065049968403
,,,,22.645399305555557,0.8196645958312834,0.8129353229275805,0.0489578690211445,0.8156817658529285,0.8095236645174573,0.81535765602116
,,,,22.65625,0.8281264160091941,0.8362066805600602,0.0494652614122087,0.8280957934402656,0.8313620554483,0.8407059204733482
,,,,22.667100694444443,0.8626344686573488,0.8345345417534228,0.0502306275994992,0.8442354973488131,0.8470822562602037,0.8540173797367837
,,,,22.67795138888889,0.8601025322333072,0.8593133864281137,0.0514596217299774,0.8578635131467444,0.8583963688879682,0.8581662473432934
,,,,22.68880208333333,0.871791002758506,0.8755188613881293,0.0522188506019914,0.8685109448735501,0.8779491644542871,0.8692358798475216
,,,,22.69965277777778,0.8903466809053793,0.8801841512898604,0.0526376474887124,0.8786495934449853,0.8755849367426431,0.877893454881148
,,,,22.71050347222222,0.8956775518484854,0.8953209047378371,0.0535317257769463,0.8848735143877061,0.8908130445513515,0.891815343198827
,,,,22.721354166666664,0.906465125981298,0.9081736258261438,0.0544746156591751,0.8977343616010317,0.900144622453926,0.9032458202919822
,,,,22.73220486111111,0.9094304647735056,0.9253481835567072,0.0547845672129854,0.9228259989109387,0.9153620896133317,0.913625957823983
,,,,22.743055555555557,0.9322812775849094,0.9197403217529831,0.0552921526466248,0.9283563811415434,0.9361096780277424,0.9252416795907604
,,,,22.75390625,0.9355651421433344,0.9318514793267324,0.0558441443607134,0.9371968936614732,0.9388855205959128,0.9210879086796744
,,,,22.764756944444443,0.9393107068819488,0.9444420979066024,0.0567190703281375,0.9384694401966938,0.9373586150888964,0.9422912708448864
,,,,22.77560763888889,0.947708091397323,0.954505747247277,0.0571554296497641,0.9460321759516404,0.946785324473525,0.9497216407810476
,,,,22.78645833333333,0.9605558779551676,0.958725446394647,0.057298239740133,0.9600313047600952,0.9641925154519454,0.9520552107703204
,,,,22.79730902777778,0.9611850803513564,0.97330598846419,0.0577163539931017,0.9533186466082618,0.9612276549194252,0.961897914072611
,,,,22.80815972222222,0.9712636064385708,0.9743386645662072,0.0580874998106253,0.9785895832525028,0.9691462908494148,0.9697451412057406
,,,,22.819010416666664,0.9778405203850196,0.9744570625255786,0.0587388479811901,0.9747811926453944,0.9813433693727128,0.974256118324522
,,,,22.82986111111111,0.9783004831102,0.9738716102436188,0.0589003442061224,0.9928595551979652,0.9803637583960176,0.9841747494512754
,,,,22.840711805555557,0.9799986369907608,0.9902541811748432,0.059191528631214,0.977529443538702,0.9923328637148362,0.9840203536129708
,,,,22.8515625,0.9878449488463736,0.9965922663383546,0.059383203580257,0.9900320062896012,0.9966425055973648,0.98558246345182
,,,,22.862413194444443,0.9882109800352636,0.996227436941863,0.0594584768892288,0.9892266191386276,0.99494376971464,0.9923846889399148
,,,,22.87326388888889,0.9992594269287054,0.9929232028933864,0.0598878798962907,0.9944882880312992,0.983154969875665,1.0020424111178194
,,,,22.88411458333333,1.000048012372074,1.003945612231329,0.0596021048450714,0.996664669672632,0.9967681145965456,1.0015037651904666
,,,,22.89496527777778,1.007915804823884,0.9982118212953722,0.0597259270301602,0.998450527585121,0.99568434563734,0.9965884013431456
,,,,22.90581597222222,0.9929446590628224,1.0052509866367525,0.0599118908410075,0.998237259259454,0.994992203638166,0.9937037098310056
,,,,22.916666666666664,1.0027158944986547,1.003741475654964,0.0601605758517372,1.0002787609162636,0.9985608231964708,0.9997466196547092
,,,,22.92751736111111,1.0027602068867618,0.9974501194460464,0.0594939536217184,0.9937855620093394,0.9966540443292216,0.9954088125930388
,,,,22.938368055555557,0.998338744200618,1.0007340086732712,0.0597113538870173,1.007147601393832,0.9945613660903774,1.0032582139231685
,,,,22.94921875,0.9987333790179038,1.0035431750268289,0.0600500280991889,0.9939292947384072,1.0017951643548673,0.992061903635066
,,,,22.960069444444443,0.9982822577711384,0.9953616427505332,0.0599298592252585,1.0003402131856998,0.9948249131482716,0.9903183665616846
,,,,22.97092013888889,0.984286435314206,0.9867116352776824,0.0592627135116486,0.9902855769916238,0.9825737537880244,0.999449237730447
,,,,22.98177083333333,0.9884711297131658,0.98601575399965,0.0590910078595668,0.9909629782424868,0.99266488385757,0.999386804893622
,,,,22.99262152777778,0.981263178019276,0.9845089418335664,0.0588903750635254,0.9805428538572084,0.9909771983652526,0.9756896488409484
,,,,23.00347222222222,0.9797337069003568,0.9739331317614311,0.0583841686651906,0.9697845921401268,0.9823170348506216,0.983683933636926
,,,,23.014322916666664,0.9775382760278774,0.9782802443791696,0.0587146284808557,0.981558589939134,0.9745223971151526,0.9768206736360756
,,,,23.02517361111111,0.9737515284707232,0.9728059920046296,0.0582998398295973,0.9625994191149058,0.9756844403797488,0.9701957272173872
,,,,23.036024305555557,0.9615379078037464,0.966174599515348,0.0575703071795524,0.957008243724091,0.9646527234449198,0.9612491385675273
,,,,23.046875,0.9633133996911007,0.9530557815604628,0.0573661601606516,0.9631465482654442,0.9682368876313427,0.9465641991871948
,,,,23.057725694444443,0.9622238607853668,0.9508485994652428,0.0574276729162241,0.9489190440377198,0.9476194649682492,0.943321104182592
,,,,23.06857638888889,0.9447349052701404,0.936064440613154,0.0567797534886533,0.9379761439810256,0.9472533352414454,0.943063271556964
,,,,23.07942708333333,0.9394240359300802,0.9375882363533417,0.0561155585442426,0.9335479614384762,0.9340311117592872,0.9277521325756004
,,,,23.09027777777778,0.9216243367259878,0.9318828123248352,0.0553604465436306,0.9167009506570638,0.921802223919424,0.927767640156169
,,,,23.10112847222222,0.9161766135910918,0.9097782783861256,0.0551062392678434,0.9125112252374072,0.919468034188208,0.9115294382533956
,,,,23.111979166666664,0.8985183970651376,0.9015698499965696,0.0541960562966629,0.9105458045413524,0.9044623810809485,0.9016027904116476
,,,,23.12282986111111,0.8933215632867866,0.8944851525894603,0.0535981311102009,0.8889851284448862,0.8937180037069824,0.8930621407690613
,,,,23.133680555555557,0.8829077637644619,0.8804662145554193,0.0524451982628326,0.8792236673196469,0.8822648850655924,0.8830212157715899
,,,,23.14453125,0.8713071716903863,0.8649233890023758,0.0524653579664257,0.8652070075386757,0.8599324479461121,0.8729703659848517
,,,,23.155381944444443,0.8528531455622819,0.8652228487548835,0.0513808741665211,0.8590457692560937,0.8519235160621226,0.8627012624182305
,,,,23.16623263888889,0.846646195354634,0.8464771772618572,0.0506257834150251,0.8450383734714443,0.8382729371350565,0.8444746795283484
,,,,23.17708333333333,0.8257368717450259,0.8335964517152071,0.0499463815083675,0.8277616722883494,0.8306927652572312,0.8355815458643919
,,,,23.18793402777778,0.81790778224945,0.8214027597844098,0.0488414521668983,0.8246393874328748,0.8139702831293912,0.8176092553021335
,,,,23.19878472222222,0.7967146179692695,0.8033223427097732,0.0479711691278696,0.7925189021504416,0.8106086724465891,0.8015872993234534
,,,,23.209635416666664,0.7906295562659604,0.786006476429015,0.0476561497064467,0.7889175072398367,0.7938554565058807,0.7921631464531794
,,,,23.22048611111111,0.7717380724259885,0.7748566712295855,0.0459616906372359,0.7730584479722912,0.7766286772461632,0.7730784151365747
,,,,23.231336805555557,0.7569321020981525,0.754098647630744,0.0457101859631911,0.7615911025026101,0.7512216856116003,0.753492780345952
,,,,23.2421875,0.7403099870835059,0.7479844096308246,0.0447217439732996,0.7403581726117643,0.7360586359352611,0.7417923851667505
,,,,23.253038194444443,0.721233047425656,0.7235679481091419,0.0432165173388553,0.7205168384258996,0.7286762057810364,0.7217778414787107
,,,,23.26388888888889,0.7029033443094586,0.7147839060881856,0.0422907399778022,0.7090198559760397,0.7057234987589133,0.70634728914938
,,,,23.27473958333333,0.6810424455411469,0.6807962103875556,0.0414305727708089,0.697199581679146,0.6831444127482428,0.6827502991886546
,,,,23.28559027777778,0.6767162550313081,0.6674992083450654,0.0403598132469372,0.6738816472833772,0.67914160601478,0.6728655269685916
,,,,23.29644097222222,0.6585413149264566,0.6596093805870092,0.0396064844591543,0.6459388596063874,0.6538123993194777,0.6593472823637652
,,,,23.307291666666664,0.6400511584501829,0.6294992886129156,0.0377880917192057,0.6280720781919428,0.6413246969085814,0.6369630779341254
,,,,23.31814236111111,0.6178864909117856,0.6145918037429908,0.0373695478132656,0.6157303426212053,0.611511104299003,0.6169317238820126
,,,,23.328993055555557,0.5972355214509024,0.6042367103438351,0.035699001635571,0.5877436384342097,0.5864050396192793,0.599324662251634
,,,,23.33984375,0.5698275401559542,0.5788622140848229,0.0342643432091784,0.5734362014929927,0.5712959181637377,0.5762804774271163
,,,,23.350694444444443,0.5558019697581966,0.5536343186895354,0.0339498731501639,0.5575245638224372,0.5586500532666014,0.5577728150582186
,,,,23.36154513888889,0.541055607258066,0.5416860250110299,0.0322203623100311,0.5338885399654499,0.5416083471530608,0.5390552823704553
,,,,23.37239583333333,0.518051053299641,0.5182048889154641,0.0312159338089241,0.5128460048106822,0.5195355024716727,0.5085748896998757
,,,,23.38324652777778,0.4947681866366562,0.4932682841114211,0.0289740934124707,0.501651132895488,0.4895177977254523,0.4956131058738781
,,,,23.39409722222222,0.4755430262665049,0.4709331079441978,0.0285667884470289,0.4677356789133473,0.4729666410329182,0.4744351232628618
,,,,23.404947916666664,0.4541529454712942,0.4474239363189179,0.0266574479222242,0.4526690622372672,0.4466237630403191,0.4568214791976959
,,,,23.41579861111111,0.4185125287850028,0.4250595746445406,0.0257473971177563,0.4225598214664334,0.4289823848150993,0.4211262955071005
,,,,23.426649305555557,0.399273783402001,0.3965923239324572,0.0237843431925807,0.4093224823600337,0.4105699220786056,0.4120397347038289
,,,,23.4375,0.386605534271225,0.3783223235258651,0.0230392720244799,0.3798341966456535,0.3743664233963057,0.3851136694085227
,,,,23.448350694444443,0.3497349196178389,0.3536363533655239,0.0213010783814432,0.3601672175174368,0.3553173974896624,0.3634732588770045
,,,,23.45920138888889,0.3386678894063072,0.3324596005089797,0.0200181489741473,0.3446406501734337,0.3363901979190858,0.3365672874229861
,,,,23.47005208333333,0.3183705341223416,0.3161013946362445,0.0186921595428868,0.3190336100474391,0.3166207392288095,0.3093418112524701
,,,,23.48090277777778,0.2904410623817151,0.2896910344079497,0.0175588773789759,0.2934547181529882,0.2885871170886277,0.2916312170880336
,,,,23.49175347222222,0.2649720282641331,0.2655563391177614,0.0157179869391567,0.270307461644316,0.2658875566141731,0.2628628020372203
,,,,23.502604166666664,0.2465575418086464,0.2474588255524271,0.014293359686799,0.2417158956139932,0.2439725784945436,0.2427332562921703
,,,,23.51345486111111,0.2171948684233256,0.2167824583607375,0.0129435346015138,0.2228172643874098,0.2177378714991883,0.2164413362004834
,,,,23.524305555555557,0.1958779329376713,0.2019623978009029,0.0115963050107978,0.2077351185158945,0.1854744574107482,0.1964026000319218
,,,,23.53515625,0.1737801045733397,0.1614401380874177,0.0100850222959218,0.1678183196654363,0.1818620894523522,0.1731525784637516
,,,,23.546006944444443,0.1445765426654914,0.1505000343995383,0.0089387812419038,0.1498308833176517,0.1527432469351258,0.1451313991029355
,,,,23.55685763888889,0.1196050388632573,0.1207385779507191,0.0067558732934942,0.1277169927913882,0.1272557689394406,0.1202557103045173
,,,,23.56770833333333,0.0995327471609162,0.0939488461168697,0.0058755171596993,0.0999070490042065,0.1075753742415646,0.0925173783464553
,,,,23.57855902777778,0.0746002250782194,0.0742464024666083,0.0046884962118125,0.0681656724517042,0.0770185421755848,0.0739911954784102
,,,,23.58940972222222,0.0492114205494043,0.044275621812548,0.0034895021308961,0.0463825345720554,0.0542240913574885,0.0550962047174071
,,,,23.600260416666664,0.0177143035142028,0.0199432007506366,0.0012175740536656,0.0231964713104748,0.0274327121907432,0.0165466097242019
,,,,23.61111111111111,-0.0022093158386576,0.0067679007205592,-0.0002707438019723,0.0071786230376455,-0.0075442373235543,0.0050096467124746
,,,,23.621961805555557,-0.018036776952711,-0.0205020385660992,-0.0008881128902629,-0.0305468084434866,-0.0317261984161557,-0.0263764019575242
,,,,23.6328125,-0.0448035963606993,-0.0479211895245068,-0.0035747084787297,-0.049314594160526,-0.0558759504159525,-0.041702516371315
,,,,23.643663194444443,-0.0804398867901413,-0.0749308808784819,-0.0039273158466329,-0.0741269861107997,-0.083829117936813,-0.0767625918904255
,,,,23.65451388888889,-0.1050625732035932,-0.1025264096338739,-0.0058705475692244,-0.0981131925526594,-0.1031123979893439,-0.0926625235185827
,,,,23.66536458333333,-0.1233702007446837,-0.1189511154006046,-0.0070353182475549,-0.1220269206326886,-0.1219513374169644,-0.1211021210053204
,,,,23.67621527777778,-0.1472490292272955,-0.149344389527813,-0.0087782434866857,-0.1483497089813315,-0.1458873341783471,-0.1499447350576588
,,,,23.68706597222222,-0.1753220123777115,-0.1701282097231225,-0.0103550098966254,-0.1736135163369292,-0.1689801178059816,-0.1605164455212052
,,,,23.697916666666664,-0.1961795397159529,-0.201967225043015,-0.0117755467416875,-0.1946501523394094,-0.1974131461505326,-0.192170103097507
,,,,23.70876736111111,-0.2143360756338907,-0.2152169568245172,-0.012578109397484,-0.2172776470473413,-0.2179812928803324,-0.2110181973579686
,,,,23.719618055555557,-0.249477838667266,-0.2473081942970219,-0.0148028424456456,-0.2382940647550335,-0.2364971788946435,-0.2370220598853783
,,,,23.73046875,-0.2595407921985614,-0.26994284155509,-0.0159714282202558,-0.26726934213302,-0.2656913908761875,-0.2611621645057865
,,,,23.741319444444443,-0.2894180082411695,-0.2915930213336418,-0.0169979785602965,-0.2831030575115792,-0.3004155821350994,-0.2901741993857475
,,,,23.75217013888889,-0.3066365650969858,-0.3114324566309449,-0.018903718476709,-0.3165225188784695,-0.3137914338481395,-0.3134694853501922
,,,,23.76302083333333,-0.3283344526883684,-0.3358553022557604,-0.0202107209034072,-0.3397875817113499,-0.3430682121147699,-0.3420757830852352
,,,,23.77387152777778,-0.3545031223158713,-0.3589489448917849,-0.0214982221089981,-0.3549816952962529,-0.3682877370543591,-0.3599694027863677
,,,,23.78472222222222,-0.3755191327397097,-0.3841396618959971,-0.0229634835411033,-0.3894903839213715,-0.3882616769873361,-0.380610599988916
,,,,23.795572916666664,-0.4013444067777449,-0.3987864831762777,-0.0242784345975852,-0.4014159580708263,-0.4099668630059684,-0.4062630477615433
,,,,23.80642361111111,-0.4291013538647631,-0.432215322783492,-0.0255802981393931,-0.419966787428003,-0.4210060781105441,-0.4299809712786733
,,,,23.817274305555557,-0.4443984290691609,-0.4529807328078858,-0.0266062722833295,-0.4522586066466278,-0.4501370540873888,-0.442681545487006
,,,,23.828125,-0.4779936340113508,-0.4698158971581536,-0.0285470541111263,-0.474206370826158,-0.4792996325543475,-0.4773795211885219
,,,,23.838975694444443,-0.4936733653024989,-0.4985767010249004,-0.0296997691686275,-0.4934357277258703,-0.4899844243621443,-0.4920881719740386
,,,,23.84982638888889,-0.5127296815749967,-0.521184927346325,-0.0308804020973962,-0.513323354011327,-0.5097074813003498,-0.5100350791058504
,,,,23.86067708333333,-0.5318395303172928,-0.5389230257884797,-0.0315123743404972,-0.5349036799104979,-0.5344573077835967,-0.5361572764937471
,,,,23.87152777777778,-0.5594839784754327,-0.5571982480660042,-0.0337626696734053,-0.5601178044637044,-0.5592369657049361,-0.5473168103851355
,,,,23.88237847222222,-0.580791507995876,-0.5737712440946927,-0.0349167972933676,-0.5722842421367766,-0.58156898768748,-0.569755565181369
,,,,23.893229166666664,-0.5899848806721243,-0.5927214272998924,-0.0355843516209863,-0.603553191655572,-0.5859156423146599,-0.5850603055565892
,,,,23.90407986111111,-0.6101789647152184,-0.616112482145166,-0.0365173804445876,-0.6148137051343936,-0.6184038048778745,-0.6185305290603683
,,,,23.914930555555557,-0.6294639164447301,-0.631235291252903,-0.0379552653370673,-0.6373284384274462,-0.6278393159178466,-0.6344856672654079
,,,,23.92578125,-0.6613738796955765,-0.6598318802948744,-0.0397736345684814,-0.667978238804455,-0.6577891635584324,-0.653216219046515
,,,,23.936631944444443,-0.6642880947300911,-0.6683314165653674,-0.0401771480274358,-0.668625546647445,-0.6713005012403301,-0.6688277476530275
,,,,23.94748263888889,-0.6892596783753882,-0.6876484288778033,-0.0415088481133818,-0.681617488899572,-0.6927709376161902,-0.6809153487470537
,,,,23.95833333333333,-0.7074141275746905,-0.7036343314030001,-0.0424585341392562,-0.7020488033353045,-0.7108927344274188,-0.7065810432554391
,,,,23.96918402777778,-0.7204985444824793,-0.7179374902762717,-0.0423348559845045,-0.7184814480778832,-0.7304588787701675,-0.7235048595040353
,,,,23.98003472222222,-0.7407762512943201,-0.7375571226896236,-0.0446219387192409,-0.727737062305666,-0.739007152935029,-0.7385793030869835
,,,,23.990885416666664,-0.7559219226956825,-0.7552955271292691,-0.0456398974838047,-0.75604223223843,-0.7552798840039362,-0.7559709567843392
,,,,24.00173611111111,-0.7685225363695014,-0.7726689484689545,-0.0459553611004487,-0.7648524180258812,-0.7680669389963936,-0.7813335032636038
,,,,24.012586805555557,-0.7814528274453116,-0.7884553755117789,-0.0474475124244051,-0.7887114291087352,-0.7931158490470774,-0.7923703920926191
,,,,24.0234375,-0.8019128127286946,-0.8106765727271968,-0.0481075737579608,-0.8046275154965887,-0.7988623052881224,-0.8007665040910037
,,,,24.034288194444443,-0.8245644963323678,-0.8129675649376523,-0.0488541633016702,-0.8202744565851696,-0.8128159679302333,-0.8195771571829974
,,,,24.04513888888889,-0.8333507337867593,-0.8300683129310684,-0.0500896092976177,-0.8290860764501506,-0.8241020377180525,-0.8221692011854806
,,,,24.05598958333333,-0.8415629925958997,-0.841442444242165,-0.0505246963668305,-0.8450551419460147,-0.8443925171062386,-0.8391035581128278
,,,,24.06684027777778,-0.8613180527247868,-0.8599641936784859,-0.0509546908112502,-0.8644272098410354,-0.8564294717606123,-0.8650410855095486
,,,,24.07769097222222,-0.8665678369141474,-0.8765782847796527,-0.0523277144421389,-0.8696997633774693,-0.87352945629479,-0.8694317026595189
,,,,24.088541666666664,-0.8728984798178807,-0.8827998520043262,-0.0527104188313787,-0.8864071006371405,-0.8819939045129315,-0.8896816078615228
,,,,24.09939236111111,-0.8854252776557037,-0.8939111371832029,-0.0537898733870493,-0.8896959682548117,-0.883838378257835,-0.8945341833636707
,,,,24.110243055555557,-0.9035751485182838,-0.912198363451424,-0.0543786335138779,-0.9019952740048968,-0.908094473877625,-0.8964212096723756
,,,,24.12109375,-0.914284847341766,-0.9108708096431956,-0.0549695818135763,-0.9130392315724624,-0.9147048906197192,-0.9148446921045766
,,,,24.131944444444443,-0.9306168928311448,-0.91451322131083,-0.0553605013049475,-0.9195171790814624,-0.9284322679077828,-0.9264185065734554
,,,,24.14279513888889,-0.9271869800727524,-0.9261177263242582,-0.0563339226338944,-0.9354365897860284,-0.9344176272832638,-0.9285501477836472
,,,,24.15364583333333,-0.9393713436212908,-0.9334317478044808,-0.0567194967559012,-0.9383144991989344,-0.9349912964012425,-0.938365700763134
,,,,24.16449652777778,-0.955414022565913,-0.9507305450000744,-0.0568881966882315,-0.948084890395758,-0.9477881218372975,-0.954485964434056
,,,,24.17534722222222,-0.9603693772717888,-0.9589779009316308,-0.0572455715573542,-0.9511580657551494,-0.9549952788408376,-0.9482871422645164
,,,,24.186197916666664,-0.965244925084987,-0.9509378495407368,-0.0578895713521436,-0.96137205786233,-0.9661476169695288,-0.9693251939332632
,,,,24.19704861111111,-0.9751249924307248,-0.97610659883434,-0.0582820301449055,-0.9642698678349916,-0.9742474913624408,-0.9692821212181212
,,,,24.207899305555557,-0.9781033663300877,-0.9771276818828388,-0.0584756971274598,-0.9784468498955112,-0.98300197256496,-0.9716218913222138
,,,,24.21875,-0.982768827285768,-0.9850478517103862,-0.0591166935573377,-0.9809574882694716,-0.9684405484364148,-0.9837339645900848
,,,,24.229600694444443,-0.978971691244474,-0.9910826127836352,-0.0588334866775383,-0.9817619667126328,-0.983437782307541,-0.9764235749618853
,,,,24.24045138888889,-0.9879530644192888,-0.989474099810664,-0.0599337290906992,-0.9921032326126878,-0.9938314954228498,-0.9808952387495888
,,,,24.25130208333333,-1.0052649443095678,-1.0007060006613282,-0.0596841218091245,-0.9977229655088296,-0.9875789329984094,-0.9932979294630512
,,,,24.26215277777778,-0.9907416853743332,-0.9924385044513828,-0.0591732763384614,-0.9900287238792854,-0.9866358960097474,-0.9927535219069208
,,,,24.27300347222222,-1.003411049913671,-0.9911956623511632,-0.0596983527198468,-1.0055117691416315,-1.0002130293012943,-0.9972356018143376
,,,,24.283854166666664,-0.9991731168819382,-0.9949264388904492,-0.0601093169467634,-0.998015425716962,-1.005026633715819,-1.0064068734516414
,,,,24.29470486111111,-1.00002494607808,-0.9989374404767368,-0.0597561249952728,-0.9911276714673748,-1.0018168069211588,-0.9975880217724564
,,,,24.305555555555557,-0.9914419973440002,-0.998130857997858,-0.0599356171412298,-1.003903876826582,-0.998509214902368,-1.0066939573074518
,,,,24.31640625,-1.0008969059162105,-0.999462191147656,-0.0594117964061126,-0.9915944138219682,-1.0038490445276618,-0.9980643425266617
,,,,24.327256944444443,-1.0037993776332703,-1.000055391409087,-0.0591089408084411,-1.0022515936982457,-1.0015376812907062,-0.99861342930095
,,,,24.33810763888889,-0.9937946630653576,-0.9990622868225322,-0.0597551446251948,-0.9980903199386272,-0.9976221473859872,-1.000486977509104
,,,,24.34895833333333,-0.9937513408824776,-0.996684241800187,-0.0600167318551772,-0.9951068970113282,-0.9951360874789016,-0.9976206294820956
,,,,24.35980902777778,-0.9820414022800328,-0.9925394471971842,-0.0599142975964846,-0.9915480717111242,-0.9997329718024972,-1.0000313148280475
,,,,24.37065972222222,-0.9878533231890088,-1.0014206524269296,-0.0598958480022169,-0.995377032157473,-0.9907569004725648,-0.9896307327475772
,,,,24.381510416666664,-0.9872280701107692,-0.982790095667096,-0.0594524974740378,-0.9828654953233664,-0.9810962804580264,-0.9825773131149412
,,,,24.39236111111111,-0.9839435219427368,-0.9796289298844648,-0.0589549317130961,-0.987816248873974,-0.9812324630087984,-0.9770140878402198
,,,,24.403211805555557,-0.980667103449428,-0.9794765652250172,-0.0587316382123906,-0.9828025711346756,-0.9843577048360818,-0.9700739630693006
,,,,24.4140625,-0.981225770607836,-0.9667681326255732,-0.0576925630729913,-0.9715762791473308,-0.974165309974468,-0.9685125564176392
,,,,24.424913194444443,-0.962504543858614,-0.961852377800262,-0.0574658005163789,-0.9706852519347172,-0.9598707198704878,-0.9636651531865672
,,,,24.43576388888889,-0.9495888910695084,-0.959871705384418,-0.0571258044284864,-0.9598252251901008,-0.952054055148474,-0.952129315398883
,,,,24.44661458333333,-0.9556392145869512,-0.9494020468665736,-0.05716363031765,-0.9409855702079726,-0.946416824439218,-0.9477378529017016
,,,,24.45746527777778,-0.9449143950449492,-0.943100540830904,-0.0569803206377245,-0.9324692583340108,-0.9379710120503152,-0.9451971682471456
,,,,24.46831597222222,-0.936725575169615,-0.9334621969734156,-0.0557483760101515,-0.9268075331603512,-0.9366845476973292,-0.9394567292255998
,,,,24.479166666666664,-0.9211110773734104,-0.9288386670413072,-0.0552451431610008,-0.9167855617257302,-0.927645914057664,-0.9220987113626476
,,,,24.49001736111111,-0.9148020489551268,-0.9168978591593472,-0.0554364902773175,-0.9079745444303288,-0.9179700194712044,-0.9081487411303456
,,,,24.500868055555557,-0.8992825753312803,-0.908073984105043,-0.0541214915644487,-0.9059863860185778,-0.898121228286512,-0.9097097487240008
,,,,24.51171875,-0.8983447449304847,-0.8902431288278531,-0.0533080460751164,-0.8926870291799693,-0.888229716244093,-0.895185730205442
,,,,24.522569444444443,-0.878550764284468,-0.8755296005326683,-0.052548359389902,-0.8872131315999825,-0.887256881746796,-0.8807330872953074
,,,,24.53342013888889,-0.8639937999590249,-0.8735059930886051,-0.0524429822525545,-0.8681276863169433,-0.8716906001171685,-0.8770505738389311
,,,,24.54427083333333,-0.8546506213762538,-0.8527263961875977,-0.0518083310137406,-0.8537426826062996,-0.8530965123676026,-0.8645514687504193
,,,,24.55512152777778,-0.8421696835053553,-0.8419542177336272,-0.0508139717657741,-0.8492476682876884,-0.8470257590311914,-0.8512405317358903
,,,,24.56597222222222,-0.8397981708081959,-0.8292123871451738,-0.0498692839934527,-0.8297159777448806,-0.8297596287440755,-0.8384033512193766
,,,,24.576822916666664,-0.8184076269237293,-0.8185011434965175,-0.0488591019372501,-0.8153346584484296,-0.8173370702458777,-0.8190067590387026
,,,,24.58767361111111,-0.8005197342510005,-0.8011089530083302,-0.0482349957652149,-0.8016918641914155,-0.8016024250389763,-0.7967898980026347
,,,,24.598524305555557,-0.7898741605867696,-0.7938394323629352,-0.0469217406014949,-0.7946256400610688,-0.7837198241001039,-0.7870102559270916
,,,,24.609375,-0.777700758533917,-0.7685265481673174,-0.0467382145511057,-0.7734262355557766,-0.7627182948032479,-0.7699345739181204
,,,,24.620225694444443,-0.7613877668660542,-0.7678448837096746,-0.0455117042700038,-0.757011740377001,-0.7569687752720207,-0.7633137629458064
,,,,24.63107638888889,-0.7328931826326213,-0.7450845626198475,-0.0443353099499298,-0.7326735105999108,-0.7373750761377788,-0.7441809191371216
,,,,24.64192708333333,-0.7289733046914537,-0.7211765309753863,-0.0431935082151868,-0.7283600841372139,-0.7317263952668103,-0.7209619316766531
,,,,24.65277777777778,-0.7096993603181248,-0.7064876291445621,-0.0426321495679588,-0.7012369170438725,-0.7095164696138699,-0.7082639899173399
,,,,24.66362847222222,-0.6936634372267195,-0.6865320839217972,-0.0411396016545448,-0.6934258040067411,-0.6873592096043797,-0.6870037866191357
,,,,24.674479166666664,-0.670249057538174,-0.6712594869970366,-0.0404764662231427,-0.6688810098225463,-0.6574081367402899,-0.6703898515622008
,,,,24.68532986111111,-0.6391671033401033,-0.6560681867337116,-0.0392293001197978,-0.6594822531471347,-0.6537871509043137,-0.6537561161478677
,,,,24.696180555555557,-0.6345362193199392,-0.6349447344210338,-0.0377810891977311,-0.628965002777675,-0.6261521056916058,-0.6399418964032055
,,,,24.70703125,-0.6144374547290192,-0.6165868778565101,-0.0372297230481443,-0.6117398076996651,-0.6190770437749091,-0.6117530711165696
,,,,24.717881944444443,-0.5874927050844506,-0.5995228400037469,-0.0351973123242041,-0.5965626301126656,-0.5945980427996963,-0.5983498514775729
,,,,24.72873263888889,-0.5754620435014813,-0.5793778477444643,-0.0349274141284377,-0.5725189421357384,-0.578779404929064,-0.5637282056810938
,,,,24.73958333333333,-0.5628512911937722,-0.5566864379413239,-0.0341491549956503,-0.5621719057459599,-0.5576216094105966,-0.5575412937602069
,,,,24.75043402777778,-0.537181522589556,-0.5347921514053844,-0.032165297252903,-0.5326839573473598,-0.53988615091827,-0.5264952388302863
,,,,24.76128472222222,-0.5111223153938427,-0.5131931234493239,-0.0307211126877968,-0.5177260783066502,-0.5120394079786086,-0.5144617471193608
,,,,24.772135416666664,-0.4915452746553168,-0.4996131587476731,-0.0301899311283839,-0.4979273117666639,-0.4980694197295737,-0.489211459534932
,,,,24.78298611111111,-0.4695929618870498,-0.4798217420967955,-0.0286127946840323,-0.4828483862794298,-0.4688151810478529,-0.4778897964156527
,,,,24.793836805555557,-0.4443526913091685,-0.4554482568346644,-0.0273145518057803,-0.4501073347349989,-0.4507535607366342,-0.454059375911958
,,,,24.8046875,-0.4246026219922272,-0.4228206157679276,-0.0258205871294704,-0.4323389970419786,-0.4257826721166066,-0.4309287179491014
,,,,24.815538194444443,-0.3956569058375607,-0.4025444196955195,-0.0249401691045587,-0.3916073157873362,-0.4174840139675859,-0.4007591781194834
,,,,24.82638888888889,-0.3842688969353365,-0.3981339431581155,-0.0230406864258514,-0.3676584020155694,-0.3804013489691584,-0.390485617458384
,,,,24.83723958333333,-0.3640151359816168,-0.3584658676770842,-0.0218668251919043,-0.3572604751195888,-0.3573303273516966,-0.3599163629006713
,,,,24.84809027777778,-0.3440854142180086,-0.3439709803176867,-0.0205168329218182,-0.327898518302571,-0.3397347986875396,-0.3309585575991211
,,,,24.85894097222222,-0.3091763390841641,-0.3155658877210895,-0.0193582552132754,-0.3123130955739559,-0.3083980268635273,-0.310006810016652
,,,,24.869791666666664,-0.2934031748035938,-0.2956396274855097,-0.0173441184868471,-0.2915177097832025,-0.2874969440473804,-0.2934531654059245
,,,,24.88064236111111,-0.2728709634826649,-0.2718965778242281,-0.0159393120055452,-0.2664539572456086,-0.2697799140185255,-0.254070238214012
,,,,24.891493055555557,-0.2377310450788257,-0.2404948380793181,-0.0144379664902349,-0.2486081376623853,-0.2374504243467373,-0.2354965369670041
,,,,24.90234375,-0.2235724476134851,-0.2250061391563608,-0.012812412813911,-0.2175996245267031,-0.2172881191124654,-0.2256111068986531
,,,,24.913194444444443,-0.1866229044571089,-0.1985249313557101,-0.0115188793852041,-0.1969376936535303,-0.2047754205134139,-0.1815136659763368
,,,,24.92404513888889,-0.1709015459542629,-0.1716227836657727,-0.009891989442563,-0.1741332230865282,-0.1730884859467981,-0.1750856353745953
,,,,24.93489583333333,-0.1478463094914345,-0.1471979207167237,-0.0086224165384642,-0.1557718636635164,-0.1505288555487524,-0.1459398630949619
,,,,24.94574652777778,-0.1193770105872523,-0.1180876442795405,-0.007140006217549,-0.128735031030347,-0.1185006859492742,-0.1277036346816463
,,,,24.95659722222222,-0.0987578012642671,-0.1002683492437178,-0.0062112588042582,-0.1014325463224041,-0.1046726604649034,-0.1063690421120408
,,,,24.967447916666664,-0.0690772957597528,-0.0727159033220822,-0.0049644863161867,-0.0768788325831287,-0.0753442227963655,-0.0730857503256655
,,,,24.97829861111111,-0.0513110643125396,-0.0555191434927248,-0.0029931867410336,-0.0426108956048746,-0.0484237814626555,-0.0524846163657081
,,,,24.989149305555557,-0.0166004628190954,-0.0219321202675035,-0.0017999197336479,-0.0317088196862768,-0.0240003893016111,-0.0324053974571161
,,,,25.0,-0.0044476023645828,-0.004601580108803,-6.072779901844936e-05,-0.0027828453675939,0.0006096291361727,-0.0053464323741417
,,,,25.010850694444443,0.0268096721199114,0.0191487862955535,0.0017012963463243,0.0113146907797567,0.021440870059193,0.0213343030610925
,,,,25.02170138888889,0.0508471819075637,0.0459353808086057,0.0025452998782778,0.0445485697605142,0.051851185026259,0.0540520642474502
,,,,25.03255208333333,0.0742680388268075,0.0656191969285171,0.0042809627597717,0.0639437268751385,0.0763534486086115,0.0685228995318127
,,,,25.04340277777778,0.1061427604576284,0.1000277895767753,0.0057738896438366,0.1038444551644112,0.0984558025669777,0.0886931832175204
,,,,25.05425347222222,0.1198040008212177,0.1212988589835557,0.0069845332584548,0.1296845061460149,0.1220268236254187,0.1281945149640332
,,,,25.065104166666664,0.1470812854026789,0.1438755203454212,0.0089703808871993,0.1484179433580023,0.1458240751892017,0.1446067484011286
,,,,25.07595486111111,0.1644469251573763,0.1698546432561156,0.0102923428644595,0.1648586130304793,0.1750026777450898,0.1823637259415438
,,,,25.086805555555557,0.1875779369509668,0.2044978239219944,0.0115801548439045,0.2025340649573353,0.192594905226312,0.1970702096411289
,,,,25.09765625,0.2239909179473565,0.221788315966032,0.0136180788739659,0.2203445793115584,0.2153948385323268,0.2108451962202871
,,,,25.108506944444443,0.2514896040899801,0.2498070202489668,0.0148907616780327,0.2374474589705239,0.25099178005851,0.2340133975564473
,,,,25.11935763888889,0.2688768727485213,0.2656793478387574,0.0155465678898691,0.2621127515043424,0.2701743850062428,0.268531699320529
,,,,25.13020833333333,0.2967067902217865,0.2922714262017292,0.0176427841193129,0.2871434754578792,0.2883493307006001,0.2934443009008383
,,,,25.14105902777778,0.312642431686181,0.3173487095045737,0.0188581408756565,0.3126866219159723,0.306835955229094,0.3110891661397468
,,,,25.15190972222222,0.3268654745960567,0.3423613147896039,0.0210727322329196,0.3371417306450836,0.3396078000022271,0.327407441130604
,,,,25.162760416666664,0.366272941963176,0.3559828398946085,0.0214863110269537,0.3614497847331614,0.3637310023343156,0.357841809382538
,,,,25.17361111111111,0.3814943414736538,0.3874567015224439,0.0228747741862014,0.3855436566733458,0.3839277364883807,0.3806252023645368
,,,,25.184461805555557,0.4045102957454153,0.3980838165988846,0.0242747142837907,0.4053043237483883,0.4037357030400599,0.4081508636138069
,,,,25.1953125,0.4337736248608209,0.4298373740162305,0.0259598737740435,0.4219421361605239,0.4281811137905603,0.4408094730466864
,,,,25.206163194444443,0.444480039843679,0.4380970406007669,0.0269588393075455,0.4392787028352499,0.4465485361803188,0.4542444829613531
,,,,25.21701388888889,0.4717142625953768,0.4685183052470468,0.0282369078416075,0.4716430825409177,0.4659507977752466,0.4682901716331503
,,,,25.22786458333333,0.4847980044132713,0.4835270852718123,0.0294430307066835,0.4905050897324658,0.492535423328431,0.4905741719252538
,,,,25.23871527777778,0.5116239442489544,0.5150944201997006,0.0306032631555075,0.5077925410874125,0.5142705753036371,0.5172444692420138
,,,,25.24956597222222,0.5349335495031977,0.5362252913153938,0.0317302078633046,0.5414990917973891,0.5400486222013148,0.5307793180767243
,,,,25.260416666666664,0.5523241924071822,0.5457237395512484,0.0337556119783909,0.5560624244967359,0.5534609680822125,0.5515413257132342
,,,,25.27126736111111,0.5773190100073582,0.5779757425777227,0.0343314406608508,0.5771016817506605,0.5805355078819238,0.5694775802600216
,,,,25.282118055555557,0.594695534375087,0.6021398958916955,0.0363017142612008,0.594910028238808,0.6026010120608434,0.5976315227872723
,,,,25.29296875,0.6104675593126587,0.6227271924196841,0.0372000144443714,0.6113152447923127,0.6127833730977813,0.6087962001704595
,,,,25.303819444444443,0.6321416716217901,0.6268902274327613,0.03786322929532,0.6307093040129361,0.6359843010972074,0.6348379986838695
,,,,25.31467013888889,0.6526192694853694,0.6620309881345076,0.0395845335331405,0.6568017978186258,0.6497467495843597,0.6475499510439879
,,,,25.32552083333333,0.6704019926518374,0.6700416737567269,0.0404322019615519,0.6740262277931112,0.6713640994207355,0.6729035565789158
,,,,25.33637152777778,0.6936671518418566,0.683396780731687,0.0412756012064438,0.689342809596225,0.6920672609401959,0.6912827962724842
,,,,25.34722222222222,0.70618179719401,0.702915406394923,0.0430032949472207,0.7116399351279561,0.7044897536132056,0.7127866529461022
,,,,25.358072916666664,0.7176640313655709,0.7191215601540699,0.0434336786907981,0.7187569196997184,0.7114744386848518,0.7196580371180702
,,,,25.36892361111111,0.7358930139832132,0.7467485182754098,0.0444047991354498,0.7398194283595437,0.7340310187372739,0.741471446549293
,,,,25.379774305555557,0.755124928922995,0.7555393579316145,0.0453809989202505,0.7614945144679461,0.7585431528667629,0.7602233968247504
,,,,25.390625,0.7661688013999939,0.7819933945285573,0.0461609711418571,0.7797052178658894,0.7744660686769733,0.7730927999767215
,,,,25.401475694444443,0.7840203691421123,0.7854777517670822,0.0470657993202229,0.7838163555371817,0.7898325450645781,0.796848863973719
,,,,25.41232638888889,0.8117784778947899,0.8066582097877996,0.0481215254767031,0.796879165390279,0.8052701473610147,0.804146375474422
,,,,25.42317708333333,0.8225220112523101,0.8085927414631358,0.0488631838361894,0.8202146587645893,0.8120863709164519,0.8159499428753032
,,,,25.43402777777778,0.8267772589729468,0.8283979579112256,0.0502138157751426,0.8302042034068613,0.8317997102039375,0.8419546421767999
,,,,25.44487847222222,0.8449021093536029,0.8451673687122048,0.050715231226925,0.8374589500426849,0.844883874644616,0.8365389653344466
,,,,25.455729166666664,0.8605181991233309,0.8636846695564523,0.0515159167067509,0.8645372376423464,0.8654293914861334,0.8639335156927112
,,,,25.46657986111111,0.8772740373682111,0.8721445174910797,0.0527169498558779,0.8753181257507032,0.8668915946307713,0.8713226955393534
,,,,25.477430555555557,0.8847017968831462,0.8826668067931317,0.0522664697799528,0.8898594507242991,0.8783020737379195,0.8879135751568163
,,,,25.48828125,0.8853782008699851,0.8946273512330364,0.0535726827235365,0.9017108490696912,0.8926274932052761,0.8958732361545635
,,,,25.499131944444443,0.8986869967524614,0.9046215864766284,0.0536336199335236,0.8996384742030785,0.9054632500488544,0.8946760521064335
,,,,25.50998263888889,0.9100168689782036,0.9148972680401256,0.0544712285017353,0.9291461362310928,0.9147966435011388,0.9044956318991532
,,,,25.52083333333333,0.9309381192153832,0.9286604252779458,0.055309595557397,0.9321605342816592,0.9198966051920788,0.925329941259128
,,,,25.53168402777778,0.9333655938162152,0.9348056807919536,0.0564321283899915,0.9285216944019126,0.9306988555925708,0.9349114313427612
,,,,25.54253472222222,0.9411872768685036,0.9460661735688478,0.0563677299317696,0.9415892444815728,0.9407540191051168,0.9467288556129962
,,,,25.553385416666664,0.9539021146161586,0.9541149413160436,0.05686202097901,0.939500447881108,0.9425870316781708,0.945396028294784
,,,,25.56423611111111,0.9535975303296236,0.9523114185979478,0.0573387187727898,0.9621001945796788,0.9465382496902524,0.9453851936542448
,,,,25.575086805555557,0.9705772860704228,0.960105962345484,0.0587786611829118,0.9610573650369322,0.9627411489820868,0.9612574359873728
,,,,25.5859375,0.9716540653841828,0.968771176117394,0.05822916422023,0.9673087736453084,0.9706175722512436,0.9695169974079474
,,,,25.596788194444443,0.9703256438396424,0.9693562110271668,0.0578704691756403,0.9798419467552512,0.9736166077641992,0.9805900150839604
,,,,25.60763888888889,0.978282034906344,0.9799456948512602,0.0588378746088795,0.982419990028934,0.9777831012092548,0.9809642688554618
,,,,25.61848958333333,0.9718031347145166,0.991506557035486,0.0589660806376184,0.9852428639674676,0.9812330332651672,0.9800346692822256
,,,,25.62934027777778,0.9921445685940654,1.0010606033173224,0.0591064189496839,0.9855198630329968,0.9906729020919351,0.9912413091027816
,,,,25.64019097222222,0.9846244253202302,0.9969532318859392,0.059754989367836,0.995355893471708,0.9922778736703708,0.99363937936217
,,,,25.651041666666664,0.9971028830926488,0.9855830192154182,0.0598518359263295,0.9989281646182656,0.9969033168477718,0.9984803668794706
,,,,25.66189236111111,0.9943675037009247,0.986720151989775,0.0600478489199695,0.9878902418441912,0.993467330467932,0.9916743602244728
,,,,25.672743055555557,1.0026224827370946,0.9991893358017075,0.0600697159088787,1.0041322771560603,1.0048426381409878,1.0025045324777355
,,,,25.68359375,0.9938124157270672,0.9964190864031168,0.059741192905829,1.0012657017900155,0.9999760101752124,0.9954689033989133
,,,,25.694444444444443,0.9923452447664688,0.9961902959269155,0.0593196920128585,0.9883167839196656,0.9977089760370124,1.0020476483494942
,,,,25.70529513888889,0.995758314719392,1.0095560625538214,0.060671065052004,0.9847906627485634,0.988642041231927,1.0068582290959625
,,,,25.71614583333333,0.9929973536589506,1.0004035604457224,0.0603486570536625,1.0095018605545885,1.0043751530532303,0.995256909096452
,,,,25.72699652777778,0.998924404782462,0.9875003696884944,0.0596012460017669,0.9942524941805349,0.9875407294172892,1.0031003755709198
,,,,25.73784722222222,0.9902808715908824,0.9932945428230682,0.0595518801341142,0.990647732834426,0.9998329221549346,1.0003463353333435
,,,,25.748697916666664,0.9862557007959868,0.9919384791689838,0.0595037707440894,0.9945420506191388,0.9903643909804668,1.0024793638039868
,,,,25.75954861111111,0.9952237670046404,0.9820408825724783,0.0592195655875383,0.9776798755359262,0.9867508252071928,0.989180359925138
,,,,25.770399305555557,0.9868874380218002,0.98453355352879,0.0597382833327952,0.9827624918972038,0.9798334406283196,0.9845271838079096
,,,,25.78125,0.981980805014094,0.9822266378460311,0.0592248923037591,0.9767888466456544,0.977624013706628,0.9857357209785268
,,,,25.792100694444443,0.9789030748479376,0.9767168240877196,0.0586506438265765,0.979511926755326,0.9778833990222524,0.9777154512958816
,,,,25.80295138888889,0.9657581813209636,0.9715795462926312,0.0581729203830303,0.96517496181317,0.9676813523190296,0.9675816718695534
,,,,25.81380208333333,0.9657988948622896,0.9607213738025364,0.0579054806944371,0.9701939087443532,0.9583946134970908,0.9716898268459302
,,,,25.82465277777778,0.9503199699868272,0.959684740828976,0.0576827588279862,0.9451291199819116,0.9517445081289124,0.9646158986658476
,,,,25.83550347222222,0.9456961647278532,0.9459030629578004,0.0566726747929918,0.959450719976324,0.9495453384122968,0.9478700810352632
,,,,25.846354166666664,0.9442468041257666,0.937788958595338,0.0567597275390443,0.9398742638546528,0.9399530498359656,0.9367493134674194
,,,,25.85720486111111,0.9389821488813864,0.9272457042060106,0.0558798983207773,0.9266074679117612,0.9341965166954884,0.930655180365585
,,,,25.868055555555557,0.9265452559796498,0.9210218371213128,0.0552391092434802,0.9216710370156312,0.9282535775708054,0.932261710016871
,,,,25.87890625,0.9106930650208274,0.9172404412731926,0.0547089696199572,0.9112265204072124,0.9084497041563516,0.9118688078515688
,,,,25.889756944444443,0.9062849618582144,0.9073379210461382,0.0539941280412798,0.9031840916707036,0.9048723939215833,0.8974705624045829
,,,,25.90060763888889,0.8946461277058801,0.8924054778679688,0.0529699219122371,0.8971847220376515,0.8931854500508967,0.8858116392129284
,,,,25.91145833333333,0.8926250581202229,0.8821091139928913,0.0529639332504154,0.882914892403596,0.8851077827988084,0.8888148182836083
,,,,25.92230902777778,0.8674018450425356,0.8713487389826257,0.051567308244701,0.8729020565657823,0.8663519331512766,0.8591877196457987
,,,,25.93315972222222,0.8629394475271144,0.8560553853774179,0.0515338631425813,0.8580401211852786,0.8524492181566675,0.8541579755439416
,,,,25.944010416666664,0.8422404698967673,0.8405213339342257,0.0504813880021324,0.8435101425004741,0.8361743852688058,0.846193258014055
,,,,25.95486111111111,0.8301034701962259,0.831702364827983,0.0492265795840005,0.832824421760072,0.8341089904174918,0.8319503937589162
,,,,25.965711805555557,0.8247585452507221,0.8146675747481152,0.0490412100134172,0.814177898350859,0.8135549613164373,0.8191582567785384
,,,,25.9765625,0.805952024720499,0.8062675925637083,0.0478307143724809,0.8094805681079743,0.8082966912904467,0.8088922791175315
,,,,25.987413194444443,0.7935160250176558,0.7912796894460944,0.0472658560556856,0.7856266219527477,0.7929471654785406,0.7830022730962694
,,,,25.99826388888889,0.7726606590112083,0.7715032038005774,0.0463443496225516,0.7729585351436874,0.7808830889359156,0.7661907249880889
,,,,26.00911458333333,0.7601579305204201,0.7516028225354572,0.0455984747639394,0.7579773590713086,0.7563865473625108,0.7539613587781661
,,,,26.01996527777778,0.7450436516167253,0.7405924004396535,0.0440009004171853,0.7457725049562375,0.7393093660867593,0.7361260152304042
,,,,26.03081597222222,0.7295596092811014,0.719260895529459,0.0436791329857766,0.7160231379919499,0.7249622919998816,0.71762513472266
,,,,26.041666666666664,0.7032683384946277,0.7075984705547097,0.0424495291012107,0.7130233558269632,0.7117450562119695,0.7040629958187945
,,,,26.05251736111111,0.6931631217685649,0.6945502202901983,0.0413080313361581,0.6949744225068433,0.6911381734965123,0.6841316145300662
,,,,26.063368055555557,0.6752676937702575,0.6654574661278286,0.0405633935324239,0.6698481390886369,0.6647060554390519,0.6635654853187195
,,,,26.07421875,0.6519857560550997,0.6528978327621465,0.0392958326172144,0.6561196952149901,0.6586333190963536,0.6538061942994446
,,,,26.085069444444443,0.6291963082801371,0.6270619748703625,0.0382120028250412,0.6350905575635353,0.6259807357976976,0.6299260456397839
,,,,26.09592013888889,0.6212668918012708,0.614541238791414,0.0369488666802084,0.616577939603657,0.6186122048101638,0.6092750993218011
,,,,26.10677083333333,0.5920383491492486,0.5958221752287878,0.0355608631919348,0.5930637730132611,0.5992977921433402,0.598450844317643
,,,,26.11762152777778,0.5796426155923383,0.5756676966248294,0.034185240937963,0.5766973762313955,0.5759839351797358,0.5754689411992315
,,,,26.12847222222222,0.5633453620179665,0.553991130543266,0.0333776269239205,0.5520594879956581,0.5529051841577616,0.557837742545187
,,,,26.139322916666664,0.537290408793623,0.5286570795764157,0.0317198437491887,0.5334989084326599,0.5515818880733393,0.5361652184984104
,,,,26.15017361111111,0.5133712857171358,0.5076229484647522,0.0313442529111762,0.5075130581076964,0.5241505458071934,0.5166126601640982
,,,,26.161024305555557,0.4935932635813208,0.5072757102849331,0.0295617960803319,0.4883325854241531,0.4982999154054293,0.4986143819440618
,,,,26.171875,0.4716331877787081,0.475982080187734,0.0284342712756344,0.472921420110064,0.4762900080075957,0.4700979715701406
,,,,26.182725694444443,0.4492164872934427,0.4458166491030383,0.0268780224871103,0.4522992591802064,0.4409089743442926,0.4518613287738898
,,,,26.19357638888889,0.4318780474615436,0.4303210910275765,0.0260064049523297,0.430231135315228,0.4266892103307855,0.4209969640552049
,,,,26.20442708333333,0.4041048161454168,0.4021925582166555,0.0247732104651431,0.4056603423985334,0.4034748096077021,0.4030473973436212
,,,,26.21527777777778,0.3855330862708628,0.3787666576006381,0.023499303782846,0.3806197466115452,0.385119034896267,0.3785510241411091
,,,,26.22612847222222,0.3658988037836506,0.3563697144304155,0.0219328098942039,0.361839986453927,0.3568599144478354,0.357736809224705
,,,,26.236979166666664,0.3349773548847909,0.3351332753897293,0.0196293389540741,0.3424294832576654,0.3338299869809851,0.3457443117420099
,,,,26.24782986111111,0.3184800206034631,0.3126316251192349,0.0188993923961735,0.322441374202417,0.3167486550418473,0.3188123112243941
,,,,26.258680555555557,0.2958406369515009,0.2900331926678505,0.0168738777026368,0.2819702247275436,0.2938071769775002,0.2905287859293256
,,,,26.26953125,0.255882476399715,0.2695742654529179,0.0161741025236231,0.2601977927592028,0.2620060545482885,0.2725851176822103
,,,,26.280381944444443,0.2381750268323695,0.248134147024387,0.0145772888912664,0.2462950769295983,0.241515486739796,0.2421794661257376
,,,,26.29123263888889,0.2215553981089776,0.2146450956003934,0.0131902313041,0.2156780945787852,0.2177339913660063,0.2233877590409052
,,,,26.30208333333333,0.1928018619621924,0.1964736294862281,0.0113916520574698,0.1906252899874648,0.1938259080187334,0.1991727629765874
,,,,26.31293402777778,0.1749281650833462,0.1783152605281506,0.0099162061315207,0.1772643264272867,0.1664537289002846,0.1736075793904272
,,,,26.32378472222222,0.1497888569085628,0.1424943720934727,0.0090223853220871,0.1392845600976559,0.1434236049260681,0.1447365819232469
,,,,26.334635416666664,0.1214082700635271,0.1173251253926608,0.0074869741986745,0.1279300075275506,0.1235283324085199,0.11786296580808
,,,,26.34548611111111,0.096400078534512,0.1002367488311227,0.0056082860970215,0.1026239974443014,0.1050640114445752,0.0926235464262036
,,,,26.356336805555557,0.0644154168802026,0.0743109540535467,0.0046696928029977,0.0696909495800094,0.0688413454420795,0.0678564737009742
,,,,26.3671875,0.0463346292871823,0.0494799949226305,0.0028398076405247,0.0466012558823404,0.0587709738928973,0.0538955835548072
,,,,26.378038194444443,0.0280897461567166,0.033400626942157,0.0017179226004995,0.02666969467111,0.025076056462632,0.0275050809311844
,,,,26.38888888888889,-0.0032187256817923,-0.0079383646432356,0.0003112177260653,0.0058236421913741,-0.0017722995467787,0.0022375450124399
,,,,26.39973958333333,-0.026941581215115,-0.0326391419610176,-0.0009568015186888,-0.0269429290617834,-0.0192710956426484,-0.026268271155854
,,,,26.41059027777778,-0.047712331959796,-0.0407633649352724,-0.0028401723814147,-0.0431802415763285,-0.054847179809419,-0.0485677390538658
,,,,26.42144097222222,-0.0730556503423703,-0.0697501863465211,-0.0045319038131361,-0.0605908985623571,-0.0722955184781182,-0.0775043950226202
,,,,26.432291666666664,-0.103728222013931,-0.0955674316029196,-0.0061270931584172,-0.092981880318797,-0.1045038628644113,-0.1014700547960866
,,,,26.44314236111111,-0.1206858586754563,-0.1200615438414183,-0.0077696345877623,-0.1203230921750019,-0.1299003146481913,-0.1239280890855402
,,,,26.453993055555557,-0.1465532292640626,-0.1485134210036096,-0.0088828905508092,-0.1374299121566778,-0.1482721287690671,-0.1466149417316503
,,,,26.46484375,-0.1665394434495182,-0.1734096759046508,-0.0100148750344337,-0.1737928128119443,-0.1714352933788951,-0.1732427238513394
,,,,26.475694444444443,-0.196691214118392,-0.1972155185202034,-0.0117601528538485,-0.1981815339293203,-0.1904522396635877,-0.1898011771906392
,,,,26.48654513888889,-0.217347301282671,-0.2215146634783239,-0.0133306967511258,-0.2226074679570694,-0.2227878495256547,-0.2174338400605295
,,,,26.49739583333333,-0.2406844429851818,-0.2462614047551036,-0.0143071319732437,-0.2524823503936045,-0.2437958115958539,-0.239800775889081
,,,,26.50824652777778,-0.2605023239450522,-0.264268621031392,-0.0161332847297166,-0.2698971898034753,-0.2730509811439419,-0.2660378300960174
,,,,26.51909722222222,-0.2935814829532989,-0.2844851410923987,-0.017082165119506,-0.2944506515702674,-0.2985427209564463,-0.2897702638040427
,,,,26.529947916666664,-0.3069542546631668,-0.3122872801636133,-0.0185987091925343,-0.3079294479358845,-0.3122968152799789,-0.3139771057746887
,,,,26.54079861111111,-0.3418644418510929,-0.3391443262670236,-0.0206120593747159,-0.3264344732725731,-0.3332913823299256,-0.3342169141309745
,,,,26.551649305555557,-0.3550404200958213,-0.3608838572307629,-0.0218514780606787,-0.3604048214348248,-0.352726239327904,-0.3606886823941236
,,,,26.5625,-0.389523219097158,-0.3821413462498914,-0.0230732469421281,-0.3916806456879445,-0.3858409066333802,-0.3842544995540177
,,,,26.573350694444443,-0.4063379274558437,-0.3998848850965978,-0.0243154368434468,-0.4067275839941253,-0.4023232001152496,-0.4079716455708021
,,,,26.58420138888889,-0.4267598599596613,-0.4196455551588964,-0.0254006327798556,-0.4241736896753019,-0.4299801276394626,-0.4244361142439012
,,,,26.59505208333333,-0.452489163710521,-0.4555923520727031,-0.0270785071290537,-0.450475792956968,-0.4478776034594368,-0.4417262361389755
,,,,26.60590277777778,-0.4776053508964145,-0.4675983108765557,-0.0279718689732943,-0.4734803502703714,-0.4650691622560841,-0.4738687397247599
,,,,26.61675347222222,-0.4918851223647227,-0.4837411855267211,-0.0296036530344302,-0.4901885479775688,-0.4999788181297437,-0.50052273096846
,,,,26.627604166666664,-0.5212835153882511,-0.5073167394162044,-0.0311952857402855,-0.5171733254271771,-0.5096429411719611,-0.516995180342098
,,,,26.63845486111111,-0.5354667009375279,-0.5356643145273285,-0.0320139832982308,-0.5286629198925593,-0.5308363747802362,-0.5397133571119538
,,,,26.649305555555557,-0.5611398018013959,-0.5542769546890505,-0.0329829198506272,-0.5460965069171296,-0.5528535649536775,-0.5533134574434664
,,,,26.66015625,-0.5650533135043677,-0.5767470077524158,-0.0348329144714024,-0.5711122665106282,-0.576859244018158,-0.5834065886678226
,,,,26.671006944444443,-0.5932853386838436,-0.5958548313122731,-0.0359625612550915,-0.6001871012306105,-0.5994776528241059,-0.5985941424643823
,,,,26.68185763888889,-0.6074666407832289,-0.6123329743097542,-0.0368654954568257,-0.6126219260041482,-0.612868243623001,-0.6203283898593945
,,,,26.69270833333333,-0.6418720007843951,-0.6308637389289992,-0.0378831156639084,-0.6426428720818026,-0.6484927573114253,-0.6325204948942046
,,,,26.70355902777778,-0.6567757795675132,-0.6538647922098335,-0.039328943414186,-0.6514295892813963,-0.6575901888086838,-0.6552678813030539
,,,,26.71440972222222,-0.6769149478117928,-0.6738612609958999,-0.0404345010506304,-0.674801529985564,-0.6753117512412669,-0.6730113080580012
,,,,26.725260416666664,-0.6974483547997999,-0.6937466726825336,-0.0413570484300715,-0.6875726843498212,-0.7059426966410594,-0.6896567244082996
,,,,26.73611111111111,-0.7126251464328683,-0.7227424184826086,-0.0428677394489071,-0.7051223099809388,-0.7007492241105403,-0.7085474375248083
,,,,26.746961805555557,-0.72182753141464,-0.7163358028384932,-0.0437318408453138,-0.727278764541733,-0.7215772273160445,-0.7185880507993234
,,,,26.7578125,-0.7295631993935775,-0.7447959715002186,-0.0439807981912799,-0.7335756865477068,-0.7421737232641333,-0.7447072959522522
,,,,26.768663194444443,-0.7563901901164746,-0.7517488029123158,-0.0452990725827308,-0.762109242723478,-0.7582280183965591,-0.7542855963014428
,,,,26.77951388888889,-0.7727240419613471,-0.774061062783847,-0.0460020316970318,-0.7666424027135752,-0.7720642768089145,-0.7751567626326527
,,,,26.79036458333333,-0.7935729907745555,-0.7924366578212968,-0.0474043323761546,-0.7817004352150222,-0.7924307089885722,-0.7894020370900462
,,,,26.80121527777778,-0.8107612625939082,-0.8105940963404112,-0.0483885546464817,-0.7984256861708366,-0.7997331465477894,-0.8003651102304078
,,,,26.81206597222222,-0.8147020553676587,-0.8204947285531599,-0.0493324832860721,-0.8235514970355501,-0.819444483572961,-0.8232020127703409
,,,,26.822916666666664,-0.8267419884438111,-0.833609865424337,-0.0497276811933221,-0.831035441258713,-0.8269759937063269,-0.8378484323152051
,,,,26.83376736111111,-0.84222057420426,-0.8388989952804274,-0.0508222857565742,-0.8417085150836563,-0.8441740025800163,-0.837436156092269
,,,,26.844618055555557,-0.8661570851896674,-0.8484573754183314,-0.051253381273268,-0.8641462776826953,-0.8620505034079099,-0.8522114973371173
,,,,26.85546875,-0.8748840745063075,-0.8741733891292425,-0.0522962615542164,-0.8703404825887207,-0.8683309712069702,-0.8729331689971099
,,,,26.866319444444443,-0.8802695535287555,-0.8707762356532638,-0.0532363477072485,-0.881623372914061,-0.8758917642953348,-0.8800256176743858
,,,,26.87717013888889,-0.9016276878802498,-0.8920310363944876,-0.0537810816986918,-0.8844833560835351,-0.8939883884759844,-0.8875980605847338
,,,,26.88802083333333,-0.8937967853106606,-0.902909062666217,-0.053927020279189,-0.9071253009981858,-0.9063646305838792,-0.9204394610646164
,,,,26.89887152777778,-0.9110180061361608,-0.9118601647946846,-0.0547651290723954,-0.914691550384737,-0.9174430095271304,-0.915439400106854
,,,,26.90972222222222,-0.9316263209824162,-0.9289608469660982,-0.0554111651947122,-0.9178272414344052,-0.9201579633879324,-0.9191655622744084
,,,,26.920572916666664,-0.9353446754700268,-0.9337419300836154,-0.0563545780822071,-0.9337631075112856,-0.9375558195091231,-0.9401101842835078
,,,,26.93142361111111,-0.944513213797233,-0.931464299143726,-0.05646134574592,-0.9431887064342348,-0.9343401524880218,-0.9363117888521943
,,,,26.942274305555557,-0.9464422580438588,-0.954351283956012,-0.0572953255744492,-0.9430689808886524,-0.955204723521137,-0.9537767729069344
,,,,26.953125,-0.9599215807748332,-0.9495940738273034,-0.057179404879432,-0.9660320656585448,-0.9545745411466088,-0.9575690024968572
,,,,26.963975694444443,-0.9596838543742594,-0.962387903756249,-0.0577482008700034,-0.9663135706960146,-0.9603903907045744,-0.9523834611674477
,,,,26.97482638888889,-0.9735969681045216,-0.9758995142390876,-0.0580890741278166,-0.9652325791592776,-0.973554595357608,-0.9790750647569127
,,,,26.98567708333333,-0.9724754015075212,-0.9717433025055026,-0.0588476530501581,-0.9722193392935352,-0.9750512565642516,-0.9802289368679424
,,,,26.99652777777778,-0.9731834174449052,-0.984524354572821,-0.0586060502493543,-0.9769821090172852,-0.9855529939850072,-0.9803245597240574
,,,,27.00737847222222,-0.9818008173641664,-0.9857906975068648,-0.0589243472246381,-0.9888965445315728,-0.9874011068446612,-0.9846429659327296
,,,,27.018229166666664,-1.001984614233319,-0.992053804753268,-0.058954649134432,-0.9906106924042724,-0.9870163556388046,-0.9886682006565044
,,,,27.02907986111111,-0.9947692123743394,-0.997340466369791,-0.0596523876276084,-0.9903738178596464,-0.9952567902816268,-0.9919065530259616
,,,,27.039930555555557,-0.99242244128792,-0.9893934728553616,-0.059315258316946,-0.9922071007911788,-0.9941500723920926,-1.00076790796818
,,,,27.05078125,-0.9981426942845274,-1.0083740409002016,-0.9924991248068508,-1.0008141620948068,-1.0009158298818537,-0.9954648034745128
,,,,27.061631944444443,-0.99834117732102,-1.0040076022789215,-1.0027241497153334,-1.00286320324955,-1.0037891483872108,-1.0017372788207208
,,,,27.07248263888889,-1.000724862567847,-1.0054005555580583,-0.998095605087334,-1.0028358760442848,-0.9939538153289263,-0.9946421540102388
,,,,27.08333333333333,-0.992350639288853,-1.00765749612324,-0.9947409568456084,-0.9990175358178032,-0.9935267475949882,-1.0012808417413008
,,,,27.09418402777778,-1.0087388451304715,-1.0040313805338938,-1.0046197390063951,-1.0103938737102138,-1.002994719532002,-1.003956745428755
,,,,27.10503472222222,-0.9906820443570308,-0.995934235157874,-0.999186572343898,-0.9957134808141463,-1.0009333288946782,-1.001629150078094
,,,,27.115885416666664,-0.9850833504115788,-1.0059746903594105,-1.0043740199983244,-0.99695205876708,-0.9992478215322048,-0.993782614410166
,,,,27.12673611111111,-0.997853756312005,-0.9954876420434696,-0.990264198069193,-0.9960071136886176,-0.9949889639252968,-0.9939167546256984
,,,,27.137586805555557,-1.0020717385655715,-0.989677819565578,-0.9993456942405444,-0.9933969695447002,-0.9956087402020872,-0.9887197246467796
,,,,27.1484375,-0.9911754638098113,-0.9913953986005748,-0.9789509264752876,-0.9903978011220927,-0.9944977486341334,-0.9896329599899846
,,,,27.159288194444443,-0.975388219413612,-0.979650260974684,-0.9839585976875548,-0.9916242116140678,-0.9813841377567072,-0.9802580509207942
,,,,27.17013888888889,-0.985921397268675,-0.9825247220906284,-0.98352894175771,-0.9884793237903596,-0.9778508860999774,-0.9755544246809558
,,,,27.18098958333333,-0.9800751542077376,-0.9781648433535028,-0.9780408819756288,-0.9739254745316084,-0.9762221828263412,-0.976434556923781
,,,,27.19184027777778,-0.9676992451188268,-0.966284807115746,-0.9719611146405096,-0.9688187260880532,-0.9739652624759972,-0.9711365616417228
,,,,27.20269097222222,-0.9740648473798378,-0.974686287881626,-0.9556497603980147,-0.9467334264256756,-0.9648266692126976,-0.965160455495548
,,,,27.213541666666664,-0.952819714601283,-0.9624874564581924,-0.965221352108217,-0.9564020440829274,-0.9579422807298964,-0.9643254077666088
,,,,27.22439236111111,-0.9562067311486208,-0.9469757587666516,-0.9491738294660328,-0.948715603047152,-0.9583541402508194,-0.962802407003626
,,,,27.235243055555557,-0.9410234376984392,-0.9421510454738762,-0.9489538482100252,-0.9486482482787147,-0.9404559911706994,-0.9405850234535126
,,,,27.24609375,-0.928894650599271,-0.937555287236476,-0.9249187269793138,-0.9291199260539516,-0.9337669697662334,-0.9355431276102
,,,,27.256944444444443,-0.9248709422714024,-0.9223657990510448,-0.931149941256536,-0.9248906945760604,-0.9222823906707668,-0.922915941624309
,,,,27.26779513888889,-0.9155115953595112,-0.9022928784864084,-0.9148919511910564,-0.9237116372392724,-0.9186377853709972,-0.9156757131263268
,,,,27.27864583333333,-0.9002685100596096,-0.9035009721091998,-0.8956853780217254,-0.9051548777921988,-0.9028083630804072,-0.9003522161439889
,,,,27.28949652777778,-0.8939387541044358,-0.9041282085283874,-0.9022931437858596,-0.8964449501140317,-0.8940406822296965,-0.8930760870102958
,,,,27.30034722222222,-0.8879636567598889,-0.8824028868256057,-0.8848367891032555,-0.8833055587659638,-0.8843313673555097,-0.9005233420849545
,,,,27.311197916666664,-0.8704406598766632,-0.8668309557185204,-0.8727649159410564,-0.8780554581143826,-0.8760160847350003,-0.8642782837652695
,,,,27.32204861111111,-0.8579014684796128,-0.8601979368754747,-0.84858658200844,-0.8598494592874439,-0.8558354924912381,-0.8578340664646048
,,,,27.332899305555557,-0.8393725479623025,-0.8513185165110393,-0.8405986801549221,-0.8379203022560217,-0.8423847704966213,-0.8480524980359383
,,,,27.34375,-0.8262987695551652,-0.8339406555304183,-0.8262501101923038,-0.8408152371711127,-0.8444586537016052,-0.8238876748011775
,,,,27.354600694444443,-0.8237064486560314,-0.8187882725352281,-0.8236653716193898,-0.8151812834835144,-0.8096332011278922,-0.8079058828313503
,,,,27.36545138888889,-0.806017493183193,-0.801571028434165,-0.7999953166670566,-0.7982320029608841,-0.7938885293901835,-0.8014024714437247
,,,,27.37630208333333,-0.7869786693139044,-0.784516345263738,-0.792043617445262,-0.7863102244023229,-0.7862870481776438,-0.7915439447820722
,,,,27.38715277777778,-0.7696746105893286,-0.7771839022593882,-0.7635068504076293,-0.7728825408672979,-0.768682078471208,-0.7730902608356071
,,,,27.39800347222222,-0.7643789932187792,-0.7489951706824485,-0.7623401276065828,-0.762584705662252,-0.7529695845293471,-0.7549396520710642
,,,,27.408854166666664,-0.7345475898247762,-0.7475600800861358,-0.7430371743140877,-0.7437463115712778,-0.7436290181710027,-0.7434328601367147
,,,,27.41970486111111,-0.7215622989265804,-0.7183223176657904,-0.720503884491083,-0.7256140977474208,-0.7297121166704436,-0.7186604835200521
,,,,27.430555555555557,-0.7135697643436768,-0.7032539694267749,-0.7043506628851912,-0.7010200302455086,-0.7086087930949149,-0.7110087319305952
,,,,27.44140625,-0.6882586619073425,-0.6864170186885621,-0.6797411248650485,-0.6867819780057572,-0.691266016369588,-0.6907007426672717
,,,,27.452256944444443,-0.671669430362297,-0.6692282155495506,-0.6652763009880198,-0.6694899777120665,-0.6824771817699282,-0.6799827343389651
,,,,27.46310763888889,-0.6655828855609873,-0.6524791012380569,-0.6526039003672173,-0.6561448504789344,-0.6529571022166062,-0.6548825470952457
,,,,27.47395833333333,-0.6247739370402019,-0.6346621048844113,-0.6391848503754285,-0.6337415908623939,-0.6357101882915227,-0.6296319325708911
,,,,27.48480902777778,-0.6127701325533261,-0.6077732376628142,-0.6218453002233368,-0.610712357198427,-0.613762558815231,-0.6080488282155264
,,,,27.49565972222222,-0.5894427393720688,-0.5975352565049269,-0.5920266507296724,-0.5938044342786848,-0.5926211679277903,-0.5964085292049232
,,,,27.506510416666664,-0.5765856256353914,-0.5752117011758076,-0.5726022078101073,-0.5664856490820301,-0.5778077363140661,-0.5706402549667928
,,,,27.51736111111111,-0.5528563683426404,-0.5634141079945103,-0.5562358221678997,-0.5602360538820212,-0.5501817946019871,-0.5607046384552864
,,,,27.528211805555557,-0.5349696427411811,-0.5303696782396202,-0.5437780677439288,-0.536489133266097,-0.5361568139607046,-0.5270855267680532
,,,,27.5390625,-0.5109413423365651,-0.5156547003068056,-0.510646307420297,-0.5157518023389135,-0.5029047846564567,-0.5115463547653413
,,,,27.549913194444443,-0.4888538024201259,-0.5015022835834104,-0.4913564541664128,-0.4930286078778,-0.4943004153611795,-0.5028051549189579
,,,,27.56076388888889,-0.4759254907326245,-0.4737835395611214,-0.4710445450837277,-0.4719483792445447,-0.4628100763511892,-0.4756583860298129
,,,,27.57161458333333,-0.4351019332251487,-0.4511670206521692,-0.447726735784386,-0.4434805577691805,-0.4422871837400449,-0.4398679581765076
,,,,27.58246527777778,-0.4229924141539653,-0.4232464690310897,-0.4342970404825731,-0.4241280431753743,-0.4285702374036458,-0.4318949393754335
,,,,27.59331597222222,-0.4027746290670996,-0.4016324682896828,-0.3971558379018011,-0.3998436488046143,-0.4068705210373851,-0.4073918158488735
,,,,27.604166666666664,-0.3854008549773446,-0.3835971459332841,-0.3844807844382436,-0.3871494263587162,-0.3781692521826686,-0.387283157452416
,,,,27.61501736111111,-0.3579601196020245,-0.3685832410687623,-0.3646555912924993,-0.3574097727280337,-0.3571275079023403,-0.363793940471201
,,,,27.625868055555557,-0.3424146607739813,-0.3253074045538007,-0.3292964566062054,-0.3424698996706413,-0.3349387315122114,-0.3411268526073389
,,,,27.63671875,-0.3029633109343506,-0.3092516169987675,-0.3084470503453584,-0.3126862781163624,-0.3205846197534626,-0.3163394543988374
,,,,27.647569444444443,-0.2915023494636873,-0.2780233935312035,-0.2812081527235796,-0.2816263505472666,-0.295767210222823,-0.2916909241600328
,,,,27.65842013888889,-0.264550861271817,-0.2662304515877053,-0.2642206888324246,-0.2723001656702772,-0.2688879368856111,-0.2693043725614644
,,,,27.66927083333333,-0.2467448766613642,-0.2364719163553658,-0.2447060530515707,-0.2505676639736405,-0.2443038955586935,-0.2455173601420971
,,,,27.68012152777778,-0.2183761376816554,-0.2206032986395559,-0.2243453882851328,-0.2099621228676002,-0.2278822309985477,-0.2140815564833525
,,,,27.69097222222222,-0.1956324040405352,-0.1898589541230619,-0.2003666712184882,-0.2017312823463873,-0.1972184056761511,-0.1955329523655512
,,,,27.701822916666664,-0.1736340241056702,-0.1742052499653434,-0.1672227131975694,-0.1673084214672667,-0.1699547757727613,-0.1708201563072522
,,,,27.71267361111111,-0.1557747762695218,-0.1355101711536739,-0.1498205789246933,-0.1596796916475043,-0.1446932740112181,-0.1429341888918208
,,,,27.723524305555557,-0.1231150587068412,-0.1274485121447814,-0.1241946397802546,-0.1237180508688877,-0.1189977484223984,-0.1279808004001341
,,,,27.734375,-0.0927659382019188,-0.0976281367832831,-0.1051224124872469,-0.1000083128431672,-0.0989029143398937,-0.0938997403293904
,,,,27.745225694444443,-0.0667887276110058,-0.0788437768967941,-0.0768807796741719,-0.0850200876702917,-0.0780467582614743,-0.0709325005111237
,,,,27.75607638888889,-0.0520793195453625,-0.0443434967264716,-0.0471940631518771,-0.0479902591097979,-0.0491759585552626,-0.0447270664917383
,,,,27.76692708333333,-0.0252592477142864,-0.0287615575911126,-0.0156697103637408,-0.0320719617587193,-0.018175633273977,-0.026728857508541
